1 0.6859375 0.4329044117647059 0.07291666666666667 0.17279411764705882
1 0.6177083333333333 0.7610294117647058 0.04791666666666667 0.22794117647058823
1 0.73203125 0.9021139705882353 0.058854166666666666 0.19209558823529413
1 0.5643229166666667 0.8943014705882353 0.06302083333333333 0.20955882352941177
1 0.8692708333333333 0.8000919117647058 0.052083333333333336 0.2619485294117647
1 0.7609375 0.6217830882352942 0.052083333333333336 0.20496323529411764
1 0.56953125 0.5349264705882353 0.058854166666666666 0.18566176470588236
2 0.07447916666666667 0.7026654411764706 0.08125 0.22518382352941177
1 0.4270833333333333 0.7913602941176471 0.04895833333333333 0.2647058823529412
1 0.020572916666666666 0.46920955882352944 0.04114583333333333 0.16268382352941177
2 0.8510416666666667 0.3602941176470588 0.052083333333333336 0.17830882352941177
1 0.047135416666666666 0.6245404411764706 0.0515625 0.18474264705882354
0 0.2950520833333333 0.4609375 0.018229166666666668 0.02665441176470588
1 0.4713541666666667 0.5652573529411765 0.0375 0.20588235294117646
1 0.46901041666666665 0.5225183823529411 0.0578125 0.19393382352941177
1 0.5515625 0.44255514705882354 0.059375 0.16819852941176472
1 0.21015625 0.9756433823529411 0.03177083333333333 0.04871323529411765