1 0.73203125 0.5041360294117647 0.06302083333333333 0.2545955882352941
1 0.43984375 0.7022058823529411 0.058854166666666666 0.2647058823529412
1 0.6122395833333333 0.7201286764705882 0.06927083333333334 0.25827205882352944
1 0.30963541666666666 0.6475183823529411 0.04739583333333333 0.25827205882352944
1 0.7953125 0.5349264705882353 0.06979166666666667 0.24816176470588236
1 0.5307291666666667 0.5280330882352942 0.04895833333333333 0.21231617647058823
1 0.9794270833333333 0.8699448529411765 0.04010416666666667 0.2545955882352941
1 0.35182291666666665 0.5 0.0390625 0.25735294117647056
1 0.5802083333333333 0.3795955882352941 0.036458333333333336 0.09375
1 0.6768229166666667 0.5243566176470589 0.04114583333333333 0.24540441176470587
1 0.5765625 0.5170036764705882 0.042708333333333334 0.23621323529411764
0 0.5841145833333333 0.5096507352941176 0.016145833333333335 0.02849264705882353
1 0.6125 0.5133272058823529 0.04791666666666667 0.2417279411764706
1 0.5052083333333334 0.48253676470588236 0.05416666666666667 0.2647058823529412
1 0.54140625 0.46369485294117646 0.0390625 0.234375