1 0.5356770833333333 0.6530330882352942 0.05677083333333333 0.13511029411764705
2 0.19947916666666668 0.29090073529411764 0.042708333333333334 0.08915441176470588
1 0.6083333333333333 0.41452205882352944 0.03958333333333333 0.11029411764705882
1 0.3489583333333333 0.4453125 0.05416666666666667 0.109375
1 0.44869791666666664 0.6760110294117647 0.0453125 0.15165441176470587
1 0.71015625 0.5358455882352942 0.034895833333333334 0.14154411764705882
1 0.4036458333333333 0.46920955882352944 0.03958333333333333 0.11121323529411764
2 0.41953125 0.8488051470588235 0.0859375 0.19393382352941177
1 0.71875 0.41130514705882354 0.029166666666666667 0.10753676470588236
1 0.8528229166666667 0.5748713235294118 0.033463541666666666 0.12029411764705882
0 0.3657083333333333 0.14457720588235295 0.008708333333333334 0.02095588235294118
1 0.8555520833333333 0.5587316176470588 0.043432291666666664 0.14321691176470588