1 0.5682291666666667 0.5450367647058824 0.10104166666666667 0.22977941176470587
1 0.7989583333333333 0.5974264705882353 0.10208333333333333 0.2757352941176471
1 0.37057291666666664 0.6700367647058824 0.09322916666666667 0.28308823529411764
1 0.90625 0.6755514705882353 0.08645833333333333 0.3014705882352941
1 0.9065104166666667 0.2819025735294117 0.05260416666666667 0.2457996323529412
1 0.39427083333333335 0.41452205882352944 0.07083333333333333 0.2647058823529412
1 0.9565104166666667 0.9613970588235294 0.0453125 0.07536764705882353
0 0.4549479166666667 0.6291360294117647 0.0265625 0.046875
2 0.66309375 0.1875 0.09390104166666666 0.2867647058823529
1 0.11707812499999999 0.56703125 0.06927083333333334 0.3241819852941176
1 0.674109375 0.5593474264705883 0.15178645833333335 0.25735294117647056