1 0.1875 0.40625 0.08645833333333333 0.24448529411764705
1 0.94765625 0.48253676470588236 0.07864583333333333 0.26838235294117646
1 0.61640625 0.3864889705882353 0.058854166666666666 0.24908088235294118
0 0.30052083333333335 0.4053308823529412 0.016666666666666666 0.029411764705882353
2 0.9106770833333333 0.19301470588235295 0.09739583333333333 0.23897058823529413
1 0.41744791666666664 0.4954044117647059 0.09010416666666667 0.1875
1 0.5008177083333334 0.4296231617647059 0.07857291666666667 0.26838235294117646
1 0.13541666666666666 0.3742095588235294 0.08184374999999999 0.2179595588235294
1 0.6607135416666666 0.3860294117647059 0.049109375000000004 0.25472426470588233
1 0.5230677083333333 0.4247610294117647 0.044640624999999996 0.2665441176470588
1 0.4918177083333333 0.4569301470588235 0.09375 0.2179595588235294