1 0.69765625 0.38419117647058826 0.0765625 0.2113970588235294
1 0.2765625 0.40900735294117646 0.08958333333333333 0.20955882352941177
1 0.36692708333333335 0.5363051470588235 0.09739583333333333 0.21231617647058823
1 0.8450520833333334 0.07950367647058823 0.04635416666666667 0.15900735294117646
1 0.18359375 0.5988051470588235 0.06302083333333333 0.140625
1 0.29765625 0.13005514705882354 0.05572916666666667 0.17738970588235295
1 0.49244791666666665 0.23529411764705882 0.044270833333333336 0.16911764705882354
1 0.87109375 0.5565257352941176 0.049479166666666664 0.28400735294117646
1 0.39817708333333335 0.2568933823529412 0.06614583333333333 0.18658088235294118
0 0.47994791666666664 0.2545955882352941 0.0234375 0.025735294117647058
1 0.41964062500000004 0.4516819852941176 0.09672395833333333 0.24421874999999998
1 0.37202604166666664 0.41097426470588233 0.09077604166666667 0.23372242647058822