1 0.9283854166666666 0.9352022058823529 0.058854166666666666 0.12775735294117646
1 0.6390625 0.25597426470588236 0.05416666666666667 0.1792279411764706
1 0.8104166666666667 0.30744485294117646 0.0375 0.19944852941176472
1 0.5401041666666667 0.32858455882352944 0.053125 0.13143382352941177
1 0.4703125 0.7444852941176471 0.06354166666666666 0.2665441176470588
1 0.14166666666666666 0.47012867647058826 0.042708333333333334 0.21783088235294118
1 0.6854166666666667 0.30652573529411764 0.041666666666666664 0.17555147058823528
0 0.41848958333333336 0.27619485294117646 0.013020833333333334 0.02665441176470588
1 0.5796875 0.34099264705882354 0.05625 0.10294117647058823
1 0.12239583333333333 0.43244485294117646 0.035416666666666666 0.21415441176470587
1 0.678125 0.2725183823529412 0.05 0.1479779411764706