1 0.81171875 0.47380514705882354 0.10677083333333333 0.2803308823529412
1 0.6359375 0.8846507352941176 0.08020833333333334 0.2270220588235294
1 0.85390625 0.16498161764705882 0.06927083333333334 0.23988970588235295
1 0.9588541666666667 0.1636029411764706 0.0625 0.23713235294117646
1 0.41796875 0.3584558823529412 0.10677083333333333 0.3694852941176471
2 0.59609375 0.6911764705882353 0.0796875 0.3860294117647059
0 0.37890625 0.04503676470588235 0.019270833333333334 0.03676470588235294
1 0.98359375 0.41544117647058826 0.030729166666666665 0.2536764705882353
1 0.30755208333333334 0.38924632352941174 0.0921875 0.27481617647058826
1 0.4231770833333333 0.5050551470588235 0.11614583333333334 0.19025735294117646
1 0.35494791666666664 0.34329044117647056 0.09322916666666667 0.3226102941176471
1 0.57734375 0.8621323529411765 0.09114583333333333 0.2757352941176471