1 0.309375 0.19163602941176472 0.05416666666666667 0.140625
1 0.5791666666666667 0.47380514705882354 0.06875 0.16636029411764705
1 0.15 0.39108455882352944 0.06458333333333334 0.17371323529411764
1 0.19244791666666666 0.14659926470588236 0.04739583333333333 0.12959558823529413
1 0.7953125 0.5064338235294118 0.07604166666666666 0.1948529411764706
1 0.0390625 0.2803308823529412 0.04583333333333333 0.15992647058823528
1 0.5940104166666667 0.26700367647058826 0.0390625 0.13878676470588236
2 0.4786458333333333 0.37637867647058826 0.04479166666666667 0.19944852941176472
1 0.9260416666666667 0.24724264705882354 0.041666666666666664 0.1488970588235294
1 0.5182291666666666 0.5358455882352942 0.06041666666666667 0.18566176470588236
1 0.7043750000000001 0.4788602941176471 0.06083333333333333 0.16911764705882354
0 0.4951979166666666 0.5061121323529412 0.012119791666666666 0.03242647058823529
1 0.8041666666666667 0.35534926470588235 0.03902604166666667 0.16528492647058823
1 0.517828125 0.43169117647058824 0.041213541666666666 0.17830882352941177