1 0.24479166666666666 0.43704044117647056 0.040625 0.18290441176470587
1 0.03671875 0.7022058823529411 0.07239583333333334 0.1948529411764706
1 0.9294270833333333 0.4728860294117647 0.04010416666666667 0.18106617647058823
2 0.9497395833333333 0.15716911764705882 0.044270833333333336 0.15073529411764705
0 0.6302083333333334 0.2734375 0.013541666666666667 0.02297794117647059
1 0.29739583333333336 0.4241727941176471 0.034375 0.20496323529411764
1 0.5356770833333333 0.3984375 0.0453125 0.1957720588235294
1 0.4231770833333333 0.3272058823529412 0.04635416666666667 0.17279411764705882
1 0.4830729166666667 0.30652573529411764 0.04010416666666667 0.19393382352941177
1 0.7041666666666667 0.4140625 0.04375 0.18474264705882354
1 0.58828125 0.43704044117647056 0.0390625 0.19209558823529413
2 0.6057291666666667 0.38327205882352944 0.04479166666666667 0.20220588235294118
1 0.6778645833333333 0.41360294117647056 0.030729166666666665 0.16544117647058823