1 0.6666666666666666 0.4338235294117647 0.06458333333333334 0.17647058823529413
1 0.5346354166666667 0.35661764705882354 0.050520833333333334 0.15441176470588236
1 0.4434895833333333 0.7408088235294118 0.09114583333333333 0.23713235294117646
1 0.41822916666666665 0.38924632352941174 0.03854166666666667 0.1645220588235294
1 0.15885416666666666 0.74609375 0.05677083333333333 0.21599264705882354
1 0.30963541666666666 0.39338235294117646 0.025520833333333333 0.16176470588235295
2 0.5703125 0.2339154411764706 0.04791666666666667 0.16636029411764705
1 0.7942708333333334 0.42463235294117646 0.036458333333333336 0.11029411764705882
1 0.7489583333333333 0.4172794117647059 0.04791666666666667 0.16176470588235295
1 0.8674479166666667 0.15441176470588236 0.034895833333333334 0.07169117647058823
1 0.625 0.37683823529411764 0.06510416666666667 0.17003676470588236
1 0.15559895833333334 0.6726838235294118 0.057291666666666664 0.23552389705882354
1 0.7709166666666667 0.40348345588235296 0.039343750000000004 0.15
0 0.8044166666666667 0.46750919117647055 0.011322916666666665 0.027840073529411764