1 0.7033854166666667 0.5652573529411765 0.05572916666666667 0.20036764705882354
1 0.41953125 0.4664522058823529 0.0828125 0.1645220588235294
1 0.3294270833333333 0.5353860294117647 0.050520833333333334 0.18290441176470587
1 0.9833333333333333 0.7444852941176471 0.03125 0.23345588235294118
1 0.5419270833333333 0.5831801470588235 0.0578125 0.21415441176470587
1 0.9854166666666667 0.36902573529411764 0.028125 0.15900735294117646
1 0.37057291666666664 0.27527573529411764 0.059895833333333336 0.15716911764705882
1 0.47552083333333334 0.49862132352941174 0.03229166666666667 0.11856617647058823
2 0.6302083333333334 0.22518382352941177 0.025 0.1636029411764706
0 0.47902083333333334 0.5367463235294118 0.012442708333333333 0.02977941176470588
1 0.3376458333333333 0.2745680147058824 0.04103125 0.16310661764705883
2 0.34434895833333334 0.25938419117647055 0.042859375000000005 0.15929227941176471
1 0.5354114583333334 0.564889705882353 0.06986979166666667 0.10204044117647058