0 0.18723958333333332 0.33547794117647056 0.028645833333333332 0.04044117647058824
1 0.09557291666666666 0.6829044117647058 0.07447916666666667 0.2849264705882353
1 0.5640625 0.8377757352941176 0.0875 0.3226102941176471
1 0.6346354166666667 0.5565257352941176 0.10260416666666666 0.32077205882352944
1 0.18177083333333333 0.5404411764705882 0.08125 0.3088235294117647
2 0.35260416666666666 0.5946691176470589 0.125 0.4577205882352941
1 0.2833333333333333 0.5353860294117647 0.053125 0.328125
1 0.8911458333333333 0.5487132352941176 0.06979166666666667 0.28860294117647056
1 0.4125 0.5386029411764706 0.08125 0.34191176470588236
1 0.07682291666666667 0.5707720588235294 0.1171875 0.3125
1 0.85703125 0.5542279411764706 0.0640625 0.2849264705882353
1 0.55390625 0.5863970588235294 0.0890625 0.2775735294117647