1 0.12630208333333334 0.4462316176470588 0.09322916666666667 0.22886029411764705
1 0.34609375 0.6939338235294118 0.0859375 0.25919117647058826
1 0.44947916666666665 0.4958639705882353 0.08333333333333333 0.23988970588235295
1 0.2859375 0.4172794117647059 0.10416666666666667 0.23345588235294118
1 0.8692708333333333 0.9319852941176471 0.057291666666666664 0.13419117647058823
2 0.17942708333333332 0.6771599264705882 0.06614583333333333 0.2881433823529412
0 0.49375 0.21277573529411764 0.01875 0.024816176470588234
1 0.48665625 0.38660845588235293 0.060546875 0.12752757352941177
1 0.31152604166666664 0.4084375 0.046223958333333336 0.23322610294117646
1 0.39476041666666667 0.8726654411764706 0.05825520833333333 0.2546691176470588
1 0.9936406249999999 0.8521875 0.012723958333333334 0.14879595588235292