0 0.47213541666666664 0.5611213235294118 0.0265625 0.03400735294117647
1 0.4127604166666667 0.8878676470588235 0.0640625 0.22242647058823528
1 0.39114583333333336 0.5266544117647058 0.096875 0.31433823529411764
1 0.23619791666666667 0.6204044117647058 0.07760416666666667 0.32169117647058826
1 0.11822916666666666 0.44025735294117646 0.09479166666666666 0.31066176470588236
2 0.5622395833333333 0.4264705882352941 0.0703125 0.35110294117647056
1 0.32578125 0.4007352941176471 0.06510416666666667 0.3235294117647059
1 0.5356770833333333 0.42693014705882354 0.07239583333333334 0.34099264705882354
1 0.5072916666666667 0.43244485294117646 0.08229166666666667 0.265625
2 0.28411458333333334 0.5234375 0.0671875 0.3079044117647059
1 0.18828125 0.6079963235294118 0.0578125 0.3244485294117647