1 0.5458333333333333 0.5427389705882353 0.053125 0.10386029411764706
1 0.8122395833333333 0.2936580882352941 0.04010416666666667 0.15533088235294118
1 0.4217083333333333 0.48560661764705887 0.037984375 0.18261948529411764
1 0.13958333333333334 0.5257352941176471 0.041666666666666664 0.18566176470588236
1 0.19583333333333333 0.5073529411764706 0.03958333333333333 0.20036764705882354
1 0.62421875 0.5128676470588235 0.0484375 0.15073529411764705
1 0.48675520833333336 0.5311856617647058 0.051171875 0.19498161764705882
1 0.5255208333333333 0.30974264705882354 0.03854166666666667 0.14338235294117646
1 0.8871145833333334 0.4119301470588235 0.023182291666666667 0.17495404411764706
1 0.24166666666666667 0.18336397058823528 0.03333333333333333 0.13511029411764705
1 0.16953125 0.15487132352941177 0.033854166666666664 0.140625
2 0.0625 0.12913602941176472 0.03854166666666667 0.1479779411764706
1 0.42782812499999995 0.5908639705882353 0.044640624999999996 0.1890716911764706
1 0.6521562500000001 0.5042003676470589 0.04984895833333333 0.16544117647058823
1 0.90625 0.3006801470588235 0.040177083333333335 0.1496875
1 0.4966510416666667 0.31053308823529413 0.036458333333333336 0.15362132352941174
1 0.5033854166666667 0.5224264705882353 0.04870833333333333 0.19635110294117647
1 0.47009375000000003 0.5539705882352941 0.034854166666666665 0.10329963235294118
1 0.3968072916666667 0.5200643382352942 0.06881770833333332 0.16323529411764706
1 0.90121875 0.42685661764705884 0.037609374999999994 0.1597702205882353
0 0.5599791666666667 0.5792922794117646 0.012255208333333333 0.017545955882352943