1 0.77734375 0.48943014705882354 0.0546875 0.2270220588235294
1 0.31354166666666666 0.43474264705882354 0.0375 0.24080882352941177
1 0.13255208333333332 0.6884191176470589 0.050520833333333334 0.27205882352941174
1 0.42942708333333335 0.5560661764705882 0.05260416666666667 0.23713235294117646
1 0.5309895833333333 0.20220588235294118 0.0359375 0.18382352941176472
1 0.6614583333333334 0.5179227941176471 0.05520833333333333 0.21231617647058823
1 0.55 0.4806985294117647 0.051041666666666666 0.23529411764705882
1 0.4830729166666667 0.4820772058823529 0.0484375 0.2509191176470588
1 0.6005208333333333 0.5018382352941176 0.041666666666666664 0.2113970588235294
1 0.010677083333333334 0.7238051470588235 0.021354166666666667 0.25643382352941174
1 0.825 0.06571691176470588 0.03958333333333333 0.13143382352941177
1 0.30703125 0.5808823529411765 0.058854166666666666 0.24816176470588236
1 0.5591145833333333 0.20404411764705882 0.033854166666666664 0.1801470588235294
1 0.853125 0.0666360294117647 0.0375 0.1332720588235294
1 0.703125 0.4885110294117647 0.042708333333333334 0.24356617647058823
1 0.6190104166666667 0.5073529411764706 0.03802083333333333 0.19669117647058823
1 0.39166666666666666 0.5243566176470589 0.06145833333333333 0.23621323529411764
0 0.62890625 0.45588235294117646 0.019270833333333334 0.027573529411764705