1 0.8283854166666667 0.4866727941176471 0.0390625 0.08363970588235294
2 0.03697916666666667 0.3653676470588235 0.026041666666666668 0.07815257352941177
1 0.5721354166666667 0.5183823529411765 0.03697916666666667 0.09558823529411764
1 0.15885416666666666 0.47058823529411764 0.028125 0.09191176470588236
1 0.06614583333333333 0.4616911764705882 0.022916666666666665 0.09683823529411764
1 0.9830729166666666 0.5988051470588235 0.021354166666666667 0.10753676470588236
1 0.6671875 0.4655330882352941 0.03125 0.09650735294117647
1 0.9010416666666666 0.5647977941176471 0.020833333333333332 0.11672794117647059
2 0.6671875 0.38097426470588236 0.021875 0.08731617647058823
1 0.026807291666666667 0.5808823529411765 0.037989583333333334 0.11580882352941177
1 0.7184895833333333 0.5059742647058824 0.018229166666666668 0.09466911764705882
1 0.6395833333333333 0.5359007352941176 0.028125 0.08813419117647059
1 0.0203125 0.4469393382352941 0.028125 0.08037683823529412
1 0.7380208333333333 0.4577205882352941 0.020833333333333332 0.10845588235294118
2 0.6366041666666666 0.49954044117647056 0.02575 0.109375
1 0.7334322916666667 0.4843290441176471 0.023755208333333333 0.08384191176470589
1 0.7443541666666668 0.44390625 0.01633333333333333 0.08084558823529411
1 0.7429739583333334 0.45138786764705885 0.028421875 0.08833639705882353
1 0.8545052083333334 0.5216360294117647 0.025489583333333333 0.09954044117647058
0 0.8450833333333333 0.5152389705882353 0.0070416666666666666 0.00818014705882353
1 0.011140625 0.42642463235294115 0.019661458333333333 0.08173713235294118
1 0.06674479166666666 0.45052389705882356 0.022942708333333332 0.08135110294117648
1 0.11171875 0.5648988970588236 0.030729166666666665 0.09814338235294118