1 0.06171875 0.40027573529411764 0.0640625 0.17738970588235295
1 0.5005208333333333 0.6920955882352942 0.05520833333333333 0.27389705882352944
2 0.34427083333333336 0.6346507352941176 0.052083333333333336 0.28768382352941174
1 0.5846354166666666 0.75 0.07239583333333334 0.25
1 0.44583333333333336 0.48253676470588236 0.059375 0.21323529411764705
1 0.22399479166666666 0.5158547794117647 0.06153125 0.22778492647058823
0 0.175 0.2426470588235294 0.019791666666666666 0.025735294117647058
1 0.404296875 0.4664522058823529 0.0703125 0.2113970588235294
1 0.154296875 0.4032628676470588 0.048177083333333336 0.29181985294117646
1 0.22557812500000002 0.3996691176470588 0.051333333333333335 0.20222426470588237
1 0.22503645833333333 0.47366727941176473 0.074828125 0.21243566176470588
1 0.24817187500000001 0.44560661764705883 0.03795833333333333 0.1767095588235294