1 0.44505208333333335 0.3984375 0.030729166666666665 0.08363970588235294
1 0.13463541666666667 0.4875919117647059 0.027604166666666666 0.10018382352941177
1 0.7885416666666667 0.5785845588235294 0.03333333333333333 0.11672794117647059
1 0.5356770833333333 0.4420955882352941 0.0234375 0.0974264705882353
1 0.5947916666666667 0.3952205882352941 0.016666666666666666 0.08455882352941177
1 0.0953125 0.43244485294117646 0.026041666666666668 0.09834558823529412
1 0.0921875 0.6125919117647058 0.025 0.13143382352941177
2 0.9075520833333334 0.5611213235294118 0.0234375 0.12775735294117646
2 0.3182291666666667 0.33869485294117646 0.030208333333333334 0.0818014705882353
2 0.8111979166666666 0.38235294117647056 0.022395833333333334 0.09558823529411764
1 0.34791666666666665 0.4181985294117647 0.014583333333333334 0.09375
1 0.8513020833333333 0.4131433823529412 0.022395833333333334 0.08731617647058823
1 0.49140625 0.546875 0.0171875 0.10477941176470588
1 0.8350052083333334 0.41103860294117645 0.022052083333333337 0.09362132352941177
0 0.3502708333333333 0.4107628676470588 0.01034375 0.01171875
1 0.7662083333333333 0.5784007352941176 0.026390625 0.10931066176470589
1 0.76675 0.5425183823529411 0.032859375 0.10693933823529411
1 0.07525 0.4397150735294118 0.019609375 0.09481617647058824