1 0.3712708333333333 0.5815716911764706 0.06683333333333333 0.27160845588235294
2 0.38567708333333334 0.2016360294117647 0.05 0.25252757352941174
1 0.9513020833333333 0.39568014705882354 0.09739583333333333 0.234375
1 0.1015625 0.6842830882352942 0.08125 0.2711397058823529
1 0.48315625 0.7257077205882353 0.07430729166666666 0.30960477941176473
1 0.17473958333333334 0.46231617647058826 0.05677083333333333 0.28125
1 0.76953125 0.8462775735294118 0.050520833333333334 0.30606617647058826
1 0.24739583333333334 0.5954779411764706 0.06770833333333333 0.3251378676470588
1 0.06145833333333333 0.06387867647058823 0.026041666666666668 0.12775735294117646
1 0.36666666666666664 0.059283088235294115 0.025 0.11856617647058823
1 0.9834791666666667 0.5784191176470589 0.033046875 0.2789889705882353
1 0.37819791666666663 0.6770220588235294 0.134921875 0.14430147058823528
1 0.40579166666666666 0.7281341911764706 0.062010416666666665 0.28980698529411764
1 0.4224895833333333 0.7317371323529411 0.06950520833333333 0.31145220588235295