1 0.34348958333333335 0.2775735294117647 0.06302083333333333 0.24816176470588236
1 0.3958333333333333 0.2568933823529412 0.06458333333333334 0.2270220588235294
1 0.28541666666666665 0.43566176470588236 0.065625 0.2775735294117647
1 0.5236979166666667 0.4852941176470588 0.07552083333333333 0.2867647058823529
1 0.18203125 0.38143382352941174 0.049479166666666664 0.2757352941176471
1 0.6932291666666667 0.46920955882352944 0.06041666666666667 0.2803308823529412
1 0.6177083333333333 0.40900735294117646 0.07708333333333334 0.26286764705882354
2 0.9244791666666666 0.09329044117647059 0.065625 0.18658088235294118
2 0.38671875 0.059283088235294115 0.0359375 0.11856617647058823
1 0.3924479166666667 0.4163602941176471 0.0859375 0.3161764705882353
1 0.5333333333333333 0.4103860294117647 0.06979166666666667 0.30422794117647056
1 0.57734375 0.46691176470588236 0.058854166666666666 0.1488970588235294
0 0.6109375 0.5041360294117647 0.019791666666666666 0.035845588235294115
1 0.6434895833333333 0.46599264705882354 0.06927083333333334 0.13419117647058823
1 0.6033854166666667 0.4177389705882353 0.05572916666666667 0.2270220588235294