1 0.93515625 0.8607536764705882 0.05677083333333333 0.25275735294117646
2 0.46875 0.3694852941176471 0.05 0.20955882352941177
1 0.7651041666666667 0.8556985294117647 0.05520833333333333 0.23713235294117646
1 0.6786458333333333 0.5395220588235294 0.06770833333333333 0.17095588235294118
1 0.79140625 0.43152573529411764 0.043229166666666666 0.17003676470588236
1 0.465625 0.2026654411764706 0.023958333333333335 0.14430147058823528
1 0.43125 0.4489889705882353 0.041666666666666664 0.23253676470588236
1 0.14921875 0.42463235294117646 0.043229166666666666 0.19301470588235295
1 0.46588541666666666 0.1953125 0.044270833333333336 0.14981617647058823
1 0.1203125 0.44393382352941174 0.046875 0.18198529411764705
1 0.39375 0.4140625 0.05416666666666667 0.265625
1 0.8263020833333333 0.4264705882352941 0.0390625 0.17830882352941177
1 0.7036458333333333 0.49954044117647056 0.05 0.19393382352941177