1 0.5247395833333334 0.7008272058823529 0.06302083333333333 0.1792279411764706
1 0.58828125 0.5257352941176471 0.0828125 0.17095588235294118
1 0.36692708333333335 0.4641544117647059 0.06197916666666667 0.17647058823529413
1 0.7510416666666667 0.6888786764705882 0.05 0.1056985294117647
2 0.4125 0.2835477941176471 0.040625 0.19944852941176472
1 0.6619791666666667 0.5124080882352942 0.051041666666666666 0.1957720588235294
1 0.014583333333333334 0.34099264705882354 0.028125 0.17463235294117646
1 0.52109375 0.5124080882352942 0.05260416666666667 0.17738970588235295
1 0.4421875 0.5500919117647058 0.08541666666666667 0.0818014705882353
0 0.5427083333333333 0.47794117647058826 0.013541666666666667 0.016544117647058824
1 0.028385416666666666 0.3327205882352941 0.04635416666666667 0.16176470588235295
1 0.48880208333333336 0.5082720588235294 0.0859375 0.18198529411764705
1 0.48671875 0.4650735294117647 0.03802083333333333 0.20772058823529413
1 0.4979166666666667 0.38924632352941174 0.016666666666666666 0.057904411764705885