0 0.8541666666666666 0.5188419117647058 0.011458333333333333 0.019301470588235295
1 0.04869791666666667 0.7339154411764706 0.043229166666666666 0.19025735294117646
1 0.58125 0.6806066176470589 0.042708333333333334 0.17555147058823528
1 0.38255208333333335 0.5013786764705882 0.0359375 0.12591911764705882
1 0.16953125 0.6158088235294118 0.0390625 0.17830882352941177
1 0.4036458333333333 0.7362132352941176 0.040625 0.17647058823529413
2 0.95078125 0.49402573529411764 0.0296875 0.15533088235294118
1 0.3229166666666667 0.7435661764705882 0.03854166666666667 0.16544117647058823
2 0.2625 0.5551470588235294 0.036458333333333336 0.17830882352941177
1 0.7604166666666666 0.4944852941176471 0.036458333333333336 0.13051470588235295
1 0.5927083333333333 0.44715073529411764 0.030208333333333334 0.12775735294117646
1 0.06953125 0.46599264705882354 0.022395833333333334 0.1323529411764706
1 0.8020833333333334 0.6291360294117647 0.025 0.17371323529411764
1 0.03307291666666667 0.5574448529411765 0.04739583333333333 0.15165441176470587
1 0.2947916666666667 0.5533088235294118 0.03854166666666667 0.15073529411764705