1 0.32734375 0.5574448529411765 0.0578125 0.19025735294117646
1 0.9372395833333333 0.4255514705882353 0.06927083333333334 0.15625
1 0.6880208333333333 0.3915441176470588 0.042708333333333334 0.14705882352941177
1 0.013020833333333334 0.6194852941176471 0.026041666666666668 0.19669117647058823
1 0.13098958333333333 0.5992647058823529 0.049479166666666664 0.19669117647058823
1 0.06276041666666667 0.6553308823529411 0.04010416666666667 0.21323529411764705
1 0.7223958333333333 0.2182904411764706 0.040625 0.12040441176470588
1 0.51875 0.37637867647058826 0.0375 0.1645220588235294
0 0.659375 0.19715073529411764 0.0125 0.024816176470588234
1 0.5472187500000001 0.40308823529411764 0.038572916666666665 0.12056066176470587
1 0.721796875 0.19667279411764704 0.022572916666666668 0.12496323529411765