1 0.23828125 0.4990808823529412 0.0515625 0.2536764705882353
1 0.5036458333333333 0.6332720588235294 0.04375 0.24080882352941177
1 0.6192708333333333 0.5147058823529411 0.05416666666666667 0.24080882352941177
1 0.27291666666666664 0.9733455882352942 0.05416666666666667 0.04963235294117647
1 0.185546875 0.6378676470588235 0.04869791666666667 0.23529411764705882
1 0.6755208333333333 0.9352022058823529 0.030208333333333334 0.12775735294117646
2 0.43645833333333334 0.5390625 0.057291666666666664 0.265625
1 0.580078125 0.5089613970588235 0.053385416666666664 0.24126838235294118
1 0.15136979166666667 0.6261488970588235 0.044921875 0.25505514705882354
1 0.012697916666666666 0.48253676470588236 0.025390625 0.14246323529411764
1 0.013348958333333332 0.6215533088235294 0.026692708333333332 0.14935661764705882