1 0.054947916666666666 0.5754871323529411 0.07447916666666667 0.20565257352941177
1 0.83515625 0.9034926470588235 0.07552083333333333 0.19117647058823528
1 0.8771510416666667 0.5191911764705882 0.05559895833333333 0.22954963235294118
1 0.6270833333333333 0.5282628676470589 0.05625 0.2522977941176471
1 0.5763020833333333 0.5615808823529411 0.049479166666666664 0.21507352941176472
1 0.7098958333333333 0.9273897058823529 0.04895833333333333 0.14338235294117646
1 0.34205729166666665 0.6814154411764706 0.05755208333333333 0.23644301470588236
1 0.2713177083333333 0.41863051470588236 0.037572916666666664 0.18479779411764707
1 0.8052083333333333 0.21277573529411764 0.04583333333333333 0.17003676470588236
2 0.89375 0.203125 0.04479166666666667 0.17463235294117646
2 0.23541666666666666 0.4811580882352941 0.06041666666666667 0.24540441176470587
2 0.5330729166666667 0.17509191176470587 0.024479166666666666 0.15533088235294118
1 0.8500156249999999 0.2670955882352941 0.029057291666666665 0.1650091911764706
1 0.8414322916666667 0.25217830882352943 0.04411458333333333 0.17713235294117646
1 0.8387916666666667 0.20953125 0.027208333333333334 0.17666360294117647
1 0.8311458333333334 0.4510753676470588 0.046036458333333335 0.21183823529411763
1 0.8557083333333334 0.4495220588235294 0.030395833333333334 0.18074448529411766
1 0.25008854166666666 0.4113511029411765 0.027093750000000003 0.18138786764705883
1 0.342015625 0.5435202205882353 0.06871354166666667 0.20433823529411765
1 0.33911979166666667 0.5303308823529411 0.071390625 0.20945772058823528
1 0.05059895833333334 0.5652205882352942 0.042666666666666665 0.20950367647058823