2 0.16875 0.5376838235294118 0.026041666666666668 0.09558823529411764
1 0.5921875 0.7100183823529411 0.035416666666666666 0.11672794117647059
2 0.47708333333333336 0.5289522058823529 0.028125 0.12408088235294118
1 0.534375 0.5799632352941176 0.025 0.11029411764705882
1 0.29140625 0.46920955882352944 0.0234375 0.09283088235294118
1 0.16354166666666667 0.33777573529411764 0.014583333333333334 0.06709558823529412
1 0.6309895833333333 0.7688419117647058 0.034895833333333334 0.15533088235294118
1 0.50625 0.3391544117647059 0.014583333333333334 0.06985294117647059
1 0.7169270833333333 0.5978860294117647 0.024479166666666666 0.1056985294117647
1 0.45260416666666664 0.984375 0.020833333333333332 0.027573529411764705
1 0.70859375 0.6985294117647058 0.021354166666666667 0.125