1 0.6796875 0.7339154411764706 0.07291666666666667 0.2509191176470588
1 0.28619791666666666 0.5753676470588235 0.0546875 0.2113970588235294
1 0.5734375 0.7417279411764706 0.03958333333333333 0.23161764705882354
1 0.4375 0.5280330882352942 0.09375 0.22518382352941177
1 0.5192708333333333 0.5 0.05 0.1801470588235294
2 0.0140625 0.22472426470588236 0.028125 0.16819852941176472
1 0.62265625 0.4931066176470588 0.059895833333333336 0.16084558823529413
2 0.17838541666666666 0.7242647058823529 0.0765625 0.20220588235294118
1 0.39166666666666666 0.45036764705882354 0.06458333333333334 0.21323529411764705
1 0.4200520833333333 0.47012867647058826 0.06302083333333333 0.19761029411764705
1 0.5880208333333333 0.4977022058823529 0.06041666666666667 0.15900735294117646
0 0.59375 0.5399816176470589 0.017708333333333333 0.02849264705882353