1 0.4197916666666667 0.2890625 0.08958333333333333 0.35753676470588236
1 0.18958333333333333 0.28768382352941174 0.07604166666666666 0.35661764705882354
1 0.8377604166666667 0.45128676470588236 0.08697916666666666 0.4007352941176471
1 0.2171875 0.41681985294117646 0.08541666666666667 0.3704044117647059
1 0.6236979166666666 0.40900735294117646 0.0828125 0.4227941176470588
1 0.4203125 0.39981617647058826 0.07708333333333334 0.36213235294117646
1 0.25546875 0.37454044117647056 0.05260416666666667 0.3961397058823529
1 0.6666666666666666 0.43704044117647056 0.096875 0.4365808823529412
1 0.9140625 0.3805147058823529 0.08333333333333333 0.39705882352941174
1 0.8557291666666667 0.4728860294117647 0.09791666666666667 0.39981617647058826
1 0.7700520833333333 0.5261948529411765 0.17864583333333334 0.19209558823529413
1 0.7361979166666667 0.4954044117647059 0.11197916666666667 0.1488970588235294
1 0.7690104166666667 0.5556066176470589 0.1890625 0.12408088235294118