1 0.3424479166666667 0.4485294117647059 0.08177083333333333 0.18382352941176472
1 0.78671875 0.08731617647058823 0.04010416666666667 0.15625
1 0.5901041666666667 0.4039522058823529 0.04895833333333333 0.19944852941176472
1 0.5098958333333333 0.5574448529411765 0.06354166666666666 0.19944852941176472
1 0.5294270833333333 0.03400735294117647 0.027604166666666666 0.06801470588235294
1 0.07005208333333333 0.09466911764705882 0.033854166666666664 0.16176470588235295
1 0.6544270833333333 0.4117647058823529 0.0484375 0.20772058823529413
1 0.9817708333333334 0.058363970588235295 0.03333333333333333 0.11672794117647059
2 0.4796875 0.02803308823529412 0.04791666666666667 0.05606617647058824
1 0.9109375 0.07123161764705882 0.03229166666666667 0.14246323529411764
0 0.22265625 0.5409007352941176 0.015104166666666667 0.02849264705882353
1 0.47098437499999996 0.4300183823529412 0.041666666666666664 0.19826286764705883