1 0.8059895833333334 0.8979779411764706 0.06197916666666667 0.20220588235294118
1 0.8497395833333333 0.7072610294117647 0.0515625 0.234375
1 0.40677083333333336 0.9262775735294118 0.06041666666666667 0.14561580882352942
1 0.60625 0.6865808823529411 0.058333333333333334 0.21323529411764705
1 0.15703125 0.6291360294117647 0.058854166666666666 0.21415441176470587
1 0.66953125 0.8804503676470588 0.0734375 0.23542279411764705
1 0.1015625 0.6475183823529411 0.041666666666666664 0.20496323529411764
1 0.94140625 0.4724264705882353 0.0484375 0.17830882352941177
1 0.024739583333333332 0.7146139705882353 0.044270833333333336 0.23069852941176472
1 0.5033854166666667 0.8814338235294118 0.04010416666666667 0.23529411764705882
1 0.6119791666666666 0.4774816176470588 0.023958333333333335 0.19209558823529413
1 0.368640625 0.7941176470588235 0.058109375 0.21323529411764705
0 0.9489270833333333 0.43381433823529414 0.012869791666666667 0.01661764705882353
1 0.6736770833333333 0.8630974264705882 0.04699479166666667 0.25905330882352945