1 0.2435989583333333 0.87171875 0.040328125000000006 0.19012867647058826
1 0.6645833333333333 0.9099264705882353 0.0625 0.17830882352941177
1 0.9372395833333333 0.7840073529411765 0.05677083333333333 0.19669117647058823
1 0.19244791666666666 0.5615808823529411 0.04635416666666667 0.13051470588235295
2 0.4986979166666667 0.4797794117647059 0.044270833333333336 0.15073529411764705
1 0.6794270833333333 0.5707720588235294 0.0421875 0.13970588235294118
1 0.0328125 0.7440257352941176 0.053125 0.171875
1 0.34921875 0.6571691176470589 0.030729166666666665 0.15441176470588236
1 0.49140625 0.6741727941176471 0.033854166666666664 0.17003676470588236
2 0.228125 0.30652573529411764 0.023958333333333335 0.09466911764705882
1 0.5682291666666667 0.4255514705882353 0.029166666666666667 0.11397058823529412
1 0.4515625 0.5818014705882353 0.025 0.14522058823529413
2 0.6684895833333333 0.10386029411764706 0.11302083333333333 0.20588235294117646
1 0.9932291666666667 0.12821691176470587 0.0125 0.06341911764705882
1 0.8294270833333334 0.11029411764705882 0.044270833333333336 0.12683823529411764
1 0.6674479166666667 0.39568014705882354 0.04010416666666667 0.10753676470588236
0 0.6535833333333334 0.39605698529411765 0.00784375 0.015569852941176472