1 0.9127604166666666 0.359375 0.0515625 0.2555147058823529
1 0.75625 0.31893382352941174 0.06770833333333333 0.24632352941176472
1 0.584375 0.5335477941176471 0.11145833333333334 0.29503676470588236
1 0.07734375 0.27159926470588236 0.050520833333333334 0.24540441176470587
1 0.455765625 0.5056433823529412 0.06569791666666666 0.2668106617647059
2 0.5236979166666667 0.28682904411764704 0.0546875 0.29240808823529413
1 0.9419270833333333 0.6484375 0.0609375 0.30606617647058826
0 0.044270833333333336 0.7573529411764706 0.025 0.042279411764705885
1 0.21778124999999998 0.6712867647058823 0.10505729166666668 0.26719669117647055
1 0.11484375 0.6810661764705882 0.1296875 0.2775735294117647
1 0.40130208333333334 0.6371415441176471 0.0703125 0.3367922794117647
1 0.9919270833333333 0.5868566176470589 0.015104166666666667 0.09650735294117647
1 0.0296875 0.9857536764705882 0.029166666666666667 0.024816176470588234
1 0.5044635416666667 0.6039889705882353 0.09821354166666667 0.3203768382352941
1 0.18713020833333335 0.6821139705882353 0.109375 0.2665441176470588