1 0.11666666666666667 0.5556066176470589 0.04791666666666667 0.15900735294117646
1 0.06927083333333334 0.8235845588235293 0.04583333333333333 0.23171875
1 0.019692708333333333 0.43264705882352944 0.031453125 0.15378676470588235
1 0.20130208333333333 0.5298713235294118 0.034895833333333334 0.17003676470588236
1 0.07057291666666667 0.3791360294117647 0.0328125 0.14430147058823528
0 0.2265625 0.4273897058823529 0.014583333333333334 0.016544117647058824
1 0.28802083333333334 0.7743566176470589 0.023958333333333335 0.10386029411764706
1 0.2603385416666667 0.5349264705882353 0.028364583333333335 0.15992647058823528
2 0.21041666666666667 0.37545955882352944 0.028125 0.12040441176470588
1 0.37395833333333334 0.4071691176470588 0.03333333333333333 0.15073529411764705
2 0.8295572916666667 0.4335202205882353 0.030411458333333332 0.1666636029411765
1 0.029614583333333333 0.5586672794117648 0.0225625 0.1667279411764706