1 0.8078125 0.5914522058823529 0.03854166666666667 0.13694852941176472
1 0.5872395833333334 0.6939338235294118 0.0390625 0.16727941176470587
1 0.05755208333333333 0.5689338235294118 0.033854166666666664 0.1323529411764706
2 0.0171875 0.37545955882352944 0.03229166666666667 0.11856617647058823
1 0.9080729166666667 0.5041360294117647 0.027604166666666666 0.11488970588235294
1 0.23359375 0.40762867647058826 0.025520833333333333 0.11488970588235294
2 0.22239583333333332 0.2026654411764706 0.023958333333333335 0.06158088235294118
1 0.73671875 0.5284926470588235 0.0265625 0.14338235294117646
1 0.26197916666666665 0.41222426470588236 0.020833333333333332 0.10753676470588236
1 0.70178125 0.38903492647058824 0.025437500000000002 0.10895220588235295
1 0.86640625 0.4506525735294118 0.0234375 0.11269301470588235
1 0.9471354166666667 0.47790441176470594 0.024479166666666666 0.14189338235294116
2 0.5119791666666667 0.2545955882352941 0.017708333333333333 0.10110294117647059
1 0.885828125 0.4505882352941177 0.03395833333333333 0.12215073529411766