1 0.66796875 0.4609375 0.09010416666666667 0.34650735294117646
1 0.036458333333333336 0.2578125 0.07291666666666667 0.3170955882352941
1 0.321875 0.5068933823529411 0.10520833333333333 0.34099264705882354
1 0.08880208333333334 0.5087316176470589 0.07135416666666666 0.32628676470588236
2 0.78671875 0.45588235294117646 0.0671875 0.3897058823529412
1 0.21276041666666667 0.421875 0.09010416666666667 0.38786764705882354
1 0.6705729166666666 0.5459558823529411 0.0796875 0.34558823529411764
1 0.58125 0.5147058823529411 0.06770833333333333 0.31433823529411764
1 0.534375 0.48299632352941174 0.08958333333333333 0.35018382352941174
1 0.3809895833333333 0.30330882352941174 0.06510416666666667 0.31433823529411764
1 0.24895833333333334 0.49080882352941174 0.08958333333333333 0.3547794117647059
1 0.15911458333333334 0.3161764705882353 0.0796875 0.3180147058823529
1 0.1015625 0.30652573529411764 0.090625 0.3005514705882353
0 0.7677083333333333 0.39797794117647056 0.030208333333333334 0.04044117647058824