1 0.7796875 0.6732536764705882 0.03958333333333333 0.1332720588235294
1 0.6955729166666667 0.7385110294117647 0.0328125 0.14981617647058823
2 0.6033854166666667 0.6098345588235294 0.04635416666666667 0.12040441176470588
1 0.46015625 0.5772058823529411 0.0265625 0.12683823529411764
1 0.5564322916666666 0.4553492647058824 0.020468749999999997 0.10370404411764705
1 0.596484375 0.443795955882353 0.041895833333333334 0.08672794117647059
1 0.30833333333333335 0.5059742647058824 0.01875 0.12408088235294118
1 0.3263020833333333 0.43166360294117645 0.022395833333333334 0.11277573529411765
1 0.006510416666666667 0.5068933823529411 0.013020833333333334 0.09466911764705882
1 0.5257968749999999 0.4613511029411765 0.022671875 0.10806066176470587
1 0.3690104166666667 0.43887867647058826 0.019270833333333334 0.1056985294117647
0 0.6419427083333333 0.49114889705882353 0.0109375 0.01838235294117647
1 0.44836458333333334 0.5188327205882353 0.036843749999999995 0.12532169117647057
1 0.5080885416666666 0.45893382352941176 0.023687499999999997 0.12370404411764706
1 0.6244166666666667 0.4614613970588235 0.030942708333333332 0.10449448529411764
1 0.60015625 0.4709007352941177 0.025593750000000002 0.10920955882352941
1 0.6111406250000001 0.4623069852941177 0.04106770833333333 0.0846047794117647