1 0.40703125 0.3161764705882353 0.06822916666666666 0.2261029411764706
1 0.9674479166666666 0.4227941176470588 0.0640625 0.2702205882352941
1 0.03671875 0.5185294117647059 0.0734375 0.3458823529411765
1 0.6479166666666667 0.45128676470588236 0.07916666666666666 0.29963235294117646
1 0.9158854166666667 0.6741727941176471 0.0734375 0.3410018382352941
1 0.853125 0.4738143382352941 0.07708333333333334 0.3557077205882353
1 0.07827604166666666 0.8933823529411765 0.07715104166666667 0.2113970588235294
1 0.40963541666666664 0.5533088235294118 0.07760416666666667 0.3180147058823529
2 0.7667343750000001 0.43635110294117646 0.080078125 0.3616727941176471
1 0.77578125 0.4696691176470588 0.05572916666666667 0.2922794117647059
0 0.7645156249999999 0.3937591911764706 0.01992708333333333 0.036488970588235296
1 0.581984375 0.5244669117647058 0.09398958333333333 0.3496415441176471
1 0.5868749999999999 0.43489889705882356 0.09925520833333333 0.32708639705882353