1 0.058333333333333334 0.4342830882352941 0.06979166666666667 0.2931985294117647
1 0.2825520833333333 0.4912683823529412 0.09114583333333333 0.33547794117647056
1 0.8830729166666667 0.6079963235294118 0.08177083333333333 0.296875
0 0.6270833333333333 0.3318014705882353 0.025 0.034926470588235295
1 0.37578125 0.47931985294117646 0.049479166666666664 0.32996323529411764
1 0.6885416666666667 0.8538602941176471 0.10416666666666667 0.29044117647058826
1 0.5604166666666667 0.5487132352941176 0.05520833333333333 0.32169117647058826
2 0.6453125 0.5487132352941176 0.07604166666666666 0.34375
1 0.12552083333333333 0.4733455882352941 0.06145833333333333 0.3327205882352941
1 0.4440104166666667 0.6980698529411765 0.0765625 0.3630514705882353
1 0.6666666666666666 0.5151654411764706 0.05520833333333333 0.29503676470588236
1 0.52421875 0.5730698529411765 0.05260416666666667 0.3005514705882353