1 0.575 0.6861213235294118 0.03854166666666667 0.12959558823529413
2 0.8127604166666667 0.5772058823529411 0.034895833333333334 0.09926470588235294
1 0.7369791666666666 0.46737132352941174 0.01875 0.08915441176470588
1 0.08984375 0.6911764705882353 0.03177083333333333 0.11580882352941177
2 0.45598958333333334 0.5101102941176471 0.0296875 0.11948529411764706
1 0.62265625 0.34972426470588236 0.0171875 0.06893382352941177
1 0.5450520833333333 0.34880514705882354 0.016145833333333335 0.06893382352941177
1 0.24453125 0.453125 0.015104166666666667 0.0900735294117647
1 0.27682291666666664 0.45496323529411764 0.021354166666666667 0.08455882352941177
1 0.6609375 0.48713235294117646 0.013541666666666667 0.09558823529411764
1 0.5184895833333333 0.4921875 0.0265625 0.09834558823529412
1 0.22256770833333334 0.4639522058823529 0.020135416666666666 0.09149816176470588
1 0.20703125 0.4534283088235294 0.022390625 0.09518382352941177
1 0.28356250000000005 0.5208180147058823 0.017640625 0.09952205882352941