1 0.054427083333333334 0.5358455882352942 0.07135416666666666 0.18198529411764705
1 0.45234375 0.4140625 0.09322916666666667 0.17555147058823528
1 0.7317708333333334 0.5151654411764706 0.06354166666666666 0.20863970588235295
1 0.32395833333333335 0.421875 0.07708333333333334 0.21691176470588236
2 0.4317708333333333 0.6957720588235294 0.10208333333333333 0.30330882352941174
1 0.2596354166666667 0.5252757352941176 0.06197916666666667 0.24356617647058823
1 0.17578125 0.3874080882352941 0.05572916666666667 0.20128676470588236
2 0.0171875 0.07628676470588236 0.034375 0.15257352941176472
1 0.78125 0.6393658088235294 0.08723958333333333 0.2309283088235294
1 0.14616145833333333 0.29641544117647056 0.037109375 0.16773897058823528
1 0.24902604166666667 0.3613327205882353 0.037109375 0.18727022058823528
1 0.28515625 0.3762683823529412 0.045572916666666664 0.20335477941176472