1 0.6638020833333333 0.43244485294117646 0.08072916666666667 0.23253676470588236
1 0.14088541666666668 0.5004595588235294 0.0640625 0.265625
1 0.8299479166666667 0.5206801470588235 0.0515625 0.26378676470588236
1 0.34140625 0.23069852941176472 0.049479166666666664 0.19852941176470587
1 0.31927083333333334 0.40670955882352944 0.05520833333333333 0.21966911764705882
1 0.38723958333333336 0.5721507352941176 0.06302083333333333 0.2858455882352941
2 0.5669270833333333 0.4338235294117647 0.0609375 0.26838235294117646
1 0.5174479166666667 0.3483455882352941 0.0421875 0.21323529411764705
1 0.9872395833333333 0.8446691176470589 0.024479166666666666 0.2647058823529412
0 0.5393645833333333 0.4046415441176471 0.015015625 0.02802389705882353
1 0.39140625 0.3561580882352941 0.04739583333333333 0.17555147058823528
1 0.30972916666666667 0.2822150735294118 0.04770833333333333 0.2168841911764706
1 0.317359375 0.17815257352941177 0.033203125 0.12595588235294117
1 0.38930729166666667 0.2286672794117647 0.0320625 0.12999080882352942
1 0.41869270833333333 0.3340716911764706 0.03053125 0.21418198529411764
1 0.48453124999999997 0.3408088235294118 0.03626041666666667 0.22765625