1 0.5166666666666667 0.5588235294117647 0.065625 0.16727941176470587
1 0.42526041666666664 0.8754595588235294 0.0578125 0.23988970588235295
1 0.5661458333333333 0.7256433823529411 0.078125 0.16819852941176472
1 0.23046875 0.7201286764705882 0.059895833333333336 0.203125
1 0.3697916666666667 0.78515625 0.04895833333333333 0.17876838235294118
1 0.2890625 0.5919117647058824 0.0625 0.19117647058823528
2 0.16458333333333333 0.20588235294117646 0.035416666666666666 0.15808823529411764
1 0.74609375 0.3272058823529412 0.0359375 0.13602941176470587
1 0.37942708333333336 0.20278492647058824 0.022395833333333334 0.12982536764705882
1 0.9869791666666666 0.19623161764705882 0.025 0.15165441176470587
2 0.06614583333333333 0.0818014705882353 0.029166666666666667 0.11948529411764706
1 0.7766927083333334 0.2763143382352941 0.033854166666666664 0.13671875
0 0.7709218750000001 0.2688786764705883 0.007552083333333333 0.01453125