1 0.5205729166666667 0.7504595588235294 0.06302083333333333 0.23621323529411764
1 0.19270833333333334 0.6608455882352942 0.03958333333333333 0.22058823529411764
1 0.9255208333333333 0.5749080882352942 0.05625 0.21783088235294118
1 0.77890625 0.7761948529411765 0.043229166666666666 0.22886029411764705
1 0.2171875 0.27987132352941174 0.042708333333333334 0.14246323529411764
1 0.6720260416666667 0.25216911764705885 0.03094791666666667 0.13536764705882354
2 0.4973958333333333 0.4885110294117647 0.052083333333333336 0.22334558823529413
2 0.7123177083333334 0.15303308823529413 0.019114583333333334 0.12408088235294118
1 0.4630208333333333 0.5045955882352942 0.06770833333333333 0.21507352941176472
1 0.7497864583333332 0.20653492647058824 0.020223958333333333 0.1365625
1 0.9524947916666666 0.19830882352941176 0.02969270833333333 0.13503676470588233
1 0.248046875 0.2763143382352941 0.036458333333333336 0.14131433823529413
1 0.6614166666666667 0.23865808823529414 0.025885416666666668 0.1575551470588235
1 0.7594635416666667 0.19617647058823529 0.031057291666666667 0.14260110294117648
1 0.9282083333333334 0.21915441176470588 0.03596354166666667 0.14698529411764705
1 0.9203802083333333 0.19071691176470587 0.022546875 0.13350183823529413