2 0.171578125 0.7893933823529412 0.11741145833333334 0.4212224264705883
1 0.5411458333333333 0.5413602941176471 0.078125 0.21691176470588236
1 0.049479166666666664 0.6337316176470589 0.09895833333333333 0.3538602941176471
1 0.6611979166666667 0.8052113970588236 0.07552083333333333 0.35832720588235295
1 0.4234375 0.5652573529411765 0.08541666666666667 0.3272058823529412
1 0.6536822916666666 0.4866084558823529 0.06302083333333333 0.3088235294117647
1 0.17734375 0.4367095588235294 0.05364583333333333 0.3489981617647059
2 0.7723958333333333 0.22150735294117646 0.08333333333333333 0.27205882352941174
1 0.5127604166666667 0.7735661764705882 0.07552083333333333 0.3738143382352941
1 0.24036458333333333 0.46749999999999997 0.06331770833333333 0.34099264705882354
1 0.8459062500000001 0.5024264705882353 0.06830208333333333 0.3701378676470588
1 0.5978437499999999 0.5219301470588236 0.07663541666666666 0.2928033088235294
1 0.8318437500000001 0.48318933823529414 0.05803645833333334 0.31512867647058823
1 0.572546875 0.5606617647058824 0.08258854166666667 0.1628125