1 0.6369791666666667 0.5248161764705882 0.03125 0.10661764705882353
1 0.29401041666666666 0.3414522058823529 0.019270833333333334 0.06158088235294118
2 0.5190104166666667 0.49862132352941174 0.024479166666666666 0.11488970588235294
1 0.47160416666666666 0.340045955882353 0.017994791666666666 0.07159007352941177
1 0.7864583333333334 0.6833639705882353 0.025 0.12775735294117646
1 0.09111458333333333 0.4448345588235294 0.023687499999999997 0.09707720588235294
1 0.031265625 0.4427481617647059 0.013572916666666665 0.09082720588235293
1 0.70625 0.6847426470588235 0.01875 0.12683823529411764
1 0.48690625 0.48515625 0.022020833333333333 0.09163602941176471
1 0.8325520833333333 0.140625 0.0609375 0.17279411764705882
1 0.4552083333333333 0.9839154411764706 0.017708333333333333 0.02849264705882353
1 0.647140625 0.48889705882352935 0.017828124999999997 0.09018382352941177
1 0.48823958333333334 0.4958180147058824 0.017114583333333332 0.09144301470588234
1 0.041109375000000004 0.4483915441176471 0.013260416666666667 0.09467830882352941
1 0.045390625000000004 0.44731617647058824 0.020604166666666666 0.07020220588235293