1 0.15546875 0.41590073529411764 0.05260416666666667 0.18106617647058823
1 0.7989583333333333 0.8497242647058824 0.051041666666666666 0.2619485294117647
1 0.017708333333333333 0.5426194852941176 0.035416666666666666 0.19784007352941177
1 0.7182291666666667 0.4944852941176471 0.07083333333333333 0.18382352941176472
1 0.6252604166666667 0.7987132352941176 0.0546875 0.28125
1 0.48984375 0.4944852941176471 0.0390625 0.20036764705882354
1 0.5747395833333333 0.6098345588235294 0.05677083333333333 0.23988970588235295
2 0.40677083333333336 0.5252757352941176 0.05520833333333333 0.27849264705882354
1 0.29375 0.40808823529411764 0.030208333333333334 0.20772058823529413
1 0.529625 0.6186856617647059 0.06705729166666667 0.23552389705882354
1 0.765953125 0.4957536764705882 0.08528645833333333 0.20565257352941177
1 0.7688802083333334 0.5537683823529411 0.08723958333333333 0.22748161764705882
1 0.018557291666666666 0.5290716911764706 0.037109375 0.19646139705882354