1 0.42421875 0.5882352941176471 0.0640625 0.24448529411764705
1 0.8645833333333334 0.46920955882352944 0.06458333333333334 0.20496323529411764
1 0.4825520833333333 0.4453125 0.049479166666666664 0.2270220588235294
1 0.046875 0.4522058823529412 0.07604166666666666 0.2555147058823529
1 0.5505208333333333 0.7720588235294118 0.075 0.30330882352941174
1 0.6877604166666667 0.5082720588235294 0.06302083333333333 0.2665441176470588
2 0.43359375 0.8106158088235295 0.06927083333333334 0.3217922794117647
1 0.48333333333333334 0.7941176470588235 0.058333333333333334 0.2757352941176471
1 0.5992708333333333 0.46568014705882355 0.09108333333333334 0.20796875
1 0.5699010416666667 0.4090625 0.04257291666666666 0.23397058823529412
1 0.5823072916666666 0.4599172794117647 0.07896354166666668 0.20700367647058823