1 0.18723958333333332 0.11902573529411764 0.08802083333333334 0.23621323529411764
1 0.26882291666666663 0.8534007352941176 0.08452604166666666 0.2931985294117647
1 0.6065104166666667 0.1410845588235294 0.049479166666666664 0.24540441176470587
1 0.558484375 0.7216360294117647 0.11309374999999999 0.3902297794117647
1 0.7065104166666667 0.7959558823529411 0.08385416666666666 0.3382352941176471
2 0.67421875 0.22242647058823528 0.10572916666666667 0.3161764705882353
1 0.49973958333333335 0.48483455882352944 0.049479166666666664 0.09650735294117647
0 0.6160729166666666 0.47203125000000007 0.022322916666666668 0.06170955882352941
1 0.26190625 0.63484375 0.06696354166666667 0.2455330882352941
1 0.7771562500000001 0.6768658088235293 0.07663541666666666 0.3610845588235294
1 0.5185989583333334 0.6020220588235294 0.08184374999999999 0.2849264705882353