1 0.15182291666666667 0.35753676470588236 0.0578125 0.21323529411764705
1 0.26223958333333336 0.4384191176470588 0.06822916666666666 0.20772058823529413
1 0.39921875 0.32950367647058826 0.0546875 0.18658088235294118
1 0.04791666666666667 0.43933823529411764 0.06458333333333334 0.2113970588235294
1 0.9567708333333333 0.18152573529411764 0.04479166666666667 0.21783088235294118
1 0.53515625 0.7596507352941176 0.08697916666666666 0.2858455882352941
1 0.026041666666666668 0.8681066176470589 0.052083333333333336 0.2601102941176471
1 0.3463541666666667 0.1714154411764706 0.04895833333333333 0.19209558823529413
1 0.3020833333333333 0.17555147058823528 0.04375 0.19301470588235295
0 0.1296875 0.2545955882352941 0.019791666666666666 0.03860294117647059
1 0.020052083333333335 0.5703125 0.04010416666666667 0.21783088235294118
1 0.40327604166666664 0.5009191176470589 0.06696354166666667 0.22453125
1 0.4371302083333333 0.4897610294117647 0.052828125000000004 0.23372242647058822
1 0.4151770833333333 0.4746599264705882 0.09077604166666667 0.2166452205882353