1 0.1359375 0.6567095588235294 0.08333333333333333 0.3079044117647059
1 0.5744791666666667 0.7215073529411765 0.06666666666666667 0.34558823529411764
1 0.3059895833333333 0.6056985294117647 0.06927083333333334 0.3547794117647059
1 0.6744791666666666 0.9756433823529411 0.025 0.046875
1 0.20286458333333332 0.5170036764705882 0.0734375 0.31893382352941174
1 0.4348958333333333 0.7008272058823529 0.10416666666666667 0.3079044117647059
1 0.81953125 0.6893382352941176 0.0984375 0.33455882352941174
1 0.7544270833333333 0.7072610294117647 0.0859375 0.32628676470588236
1 0.24947916666666667 0.5211397058823529 0.07395833333333333 0.31985294117647056
1 0.44609375 0.6631433823529411 0.09322916666666667 0.3630514705882353
1 0.590625 0.625 0.10416666666666667 0.37316176470588236
0 0.7778645833333333 0.5404411764705882 0.03697916666666667 0.03860294117647059
1 0.8466145833333333 0.6185661764705882 0.09322916666666667 0.35110294117647056
1 0.8427083333333333 0.6332720588235294 0.08333333333333333 0.3180147058823529
1 0.7466145833333333 0.6695772058823529 0.11510416666666666 0.3538602941176471