1 0.875984375 0.35597426470588234 0.040515625000000006 0.10166360294117648
1 0.52578125 0.5974264705882353 0.03802083333333333 0.16544117647058823
1 0.24479166666666666 0.46737132352941174 0.03333333333333333 0.14613970588235295
1 0.41877604166666665 0.38465073529411764 0.03546354166666667 0.10202205882352941
1 0.35405729166666666 0.4010202205882353 0.04248958333333333 0.11636948529411764
1 0.7925520833333334 0.4224264705882353 0.026354166666666668 0.12794117647058822
1 0.6924479166666667 0.34420955882352944 0.0171875 0.10753676470588236
1 0.7094739583333334 0.45011948529411766 0.029369791666666666 0.13935661764705884
1 0.6143229166666667 0.59375 0.03802083333333333 0.15992647058823528
1 0.6514427083333333 0.41226102941176473 0.021635416666666667 0.11722426470588236
2 0.37046874999999996 0.3798621323529412 0.040317708333333334 0.12737132352941177
1 0.9013020833333333 0.3915441176470588 0.0296875 0.08823529411764706
1 0.8622395833333333 0.42693014705882354 0.018229166666666668 0.12224264705882353
0 0.8903489583333334 0.39107536764705886 0.00928125 0.01859375