1 0.5348958333333333 0.6300551470588235 0.027083333333333334 0.09834558823529412
1 0.4471354166666667 0.6328125 0.025520833333333333 0.08915441176470588
1 0.5481770833333334 0.49034926470588236 0.011979166666666667 0.06709558823529412
2 0.45234375 0.5225183823529411 0.0171875 0.08363970588235294
1 0.5 0.49356617647058826 0.022916666666666665 0.06433823529411764
1 0.5671875 0.49402573529411764 0.016666666666666666 0.07077205882352941
1 0.5864583333333333 0.4646139705882353 0.016666666666666666 0.06709558823529412
1 0.41302083333333334 0.3795955882352941 0.013541666666666667 0.051470588235294115
1 0.3609375 0.4609375 0.015625 0.07077205882352941
1 0.8955729166666667 0.39200367647058826 0.013020833333333334 0.06525735294117647
1 0.4991302083333334 0.38111213235294117 0.009296875000000001 0.05295036764705882
1 0.5579791666666666 0.4428308823529412 0.011197916666666667 0.06600183823529412
1 0.34792708333333333 0.45306985294117647 0.013744791666666667 0.07168198529411764
1 0.353828125 0.45280330882352937 0.01015625 0.06570772058823529