1 0.1 0.6024816176470589 0.06979166666666667 0.203125
1 0.5645833333333333 0.5450367647058824 0.09270833333333334 0.19117647058823528
1 0.36770833333333336 0.6438419117647058 0.07916666666666666 0.21415441176470587
1 0.9552083333333333 0.34329044117647056 0.04895833333333333 0.18290441176470587
1 0.27734375 0.5238970588235294 0.059895833333333336 0.24448529411764705
2 0.4890625 0.2945772058823529 0.0625 0.23621323529411764
1 0.10520833333333333 0.2522977941176471 0.03854166666666667 0.16819852941176472
1 0.22838541666666667 0.22748161764705882 0.033854166666666664 0.171875
1 0.8854166666666666 0.3239889705882353 0.036458333333333336 0.20863970588235295
0 0.16223958333333333 0.41452205882352944 0.015104166666666667 0.03676470588235294
1 0.8924479166666667 0.5730698529411765 0.07552083333333333 0.203125
1 0.5203125 0.5739889705882353 0.06770833333333333 0.24724264705882354
1 0.9192708333333334 0.5960477941176471 0.05416666666666667 0.1957720588235294