1 0.4309895833333333 0.5179227941176471 0.06197916666666667 0.1645220588235294
1 0.15104166666666666 0.4788602941176471 0.04479166666666667 0.18933823529411764
1 0.96875 0.7215073529411765 0.06145833333333333 0.2647058823529412
2 0.20260416666666667 0.6925551470588235 0.06458333333333334 0.26746323529411764
1 0.6307291666666667 0.7127757352941176 0.06354166666666666 0.26378676470588236
1 0.68203125 0.5427389705882353 0.06197916666666667 0.203125
1 0.4945729166666667 0.499016544117647 0.06745312499999999 0.19706801470588234
1 0.64615625 0.5464430147058823 0.057015625 0.19612132352941175
1 0.513125 0.4986856617647059 0.06610416666666667 0.2260110294117647
0 0.447640625 0.5650367647058824 0.012807291666666666 0.02625
1 0.5348124999999999 0.4986856617647059 0.06486458333333334 0.18518382352941176