1 0.21614583333333334 0.7545955882352942 0.04895833333333333 0.14154411764705882
1 0.4388020833333333 0.7670036764705882 0.07760416666666667 0.21966911764705882
1 0.9122395833333333 0.5703125 0.0578125 0.16084558823529413
1 0.7442708333333333 0.5078125 0.04895833333333333 0.16819852941176472
1 0.3951822916666667 0.5456525735294118 0.04453125 0.17035845588235293
1 0.8346354166666666 0.5284926470588235 0.04739583333333333 0.16911764705882354
1 0.5698593750000001 0.6706985294117648 0.059515624999999996 0.21597426470588235
1 0.041666666666666664 0.7937040441176471 0.075 0.22058823529411764
2 0.9354166666666667 0.40119485294117646 0.029166666666666667 0.17555147058823528
1 0.6255208333333333 0.4802389705882353 0.06354166666666666 0.2601102941176471
1 0.31386458333333334 0.5017830882352942 0.03278125 0.16995404411764706
2 0.03240625 0.26266544117647056 0.040338541666666665 0.15033088235294118
1 0.03802604166666667 0.28160845588235295 0.021828124999999997 0.15128676470588234
1 0.04171875 0.27057904411764705 0.023588541666666667 0.1342003676470588
1 0.052895833333333336 0.8993841911764706 0.03949479166666667 0.20123161764705882
1 0.011921875 0.7501470588235294 0.02384375 0.16072610294117648
2 0.2883645833333333 0.5017003676470588 0.03889583333333334 0.2166268382352941
1 0.29219270833333333 0.49778492647058825 0.04217708333333334 0.16340992647058822
1 0.4219427083333333 0.5517922794117647 0.04251041666666667 0.18109375
1 0.6369739583333334 0.6816911764705882 0.032875 0.19909926470588235
1 0.5947604166666667 0.5343474264705882 0.04258854166666667 0.19184742647058822
0 0.6535208333333333 0.3623621323529412 0.012380208333333333 0.020560661764705883