1 0.34817708333333336 0.7780330882352942 0.059895833333333336 0.09650735294117647
1 0.06901041666666667 0.9407169117647058 0.05364583333333333 0.11672794117647059
1 0.17682291666666666 0.7362132352941176 0.0546875 0.17647058823529413
1 0.4943854166666667 0.8502665441176471 0.0546875 0.20204963235294118
1 0.42996354166666667 0.7469393382352941 0.048463541666666665 0.171875
1 0.6420208333333334 0.7904871323529411 0.10058333333333333 0.19240808823529412
1 0.5488020833333334 0.8041360294117647 0.08156770833333334 0.18410845588235294
2 0.10409895833333334 0.6934742647058824 0.023057291666666667 0.19393382352941177
0 0.6859375 0.8671875 0.016666666666666666 0.02849264705882353
1 0.385734375 0.7540257352941176 0.03909895833333333 0.21031249999999999
1 0.5111197916666667 0.7689522058823529 0.05977604166666666 0.22159926470588234
1 0.569765625 0.7706066176470587 0.03646875 0.1983731617647059
1 0.6474270833333333 0.8041084558823529 0.068375 0.11411764705882353
1 0.6233385416666667 0.77125 0.07481770833333333 0.18081801470588235