1 0.91953125 0.5675551470588235 0.044270833333333336 0.18474264705882354
1 0.59921875 0.5877757352941176 0.06302083333333333 0.19393382352941177
1 0.5309895833333333 0.7536764705882353 0.06822916666666666 0.20588235294117646
1 0.34817708333333336 0.7362132352941176 0.0390625 0.1801470588235294
1 0.14659375 0.5940533088235295 0.06922916666666666 0.1844393382352941
1 0.2296875 0.46691176470588236 0.04583333333333333 0.14522058823529413
0 0.7046875 0.06893382352941177 0.010416666666666666 0.03125
1 0.5755208333333334 0.5041360294117647 0.03958333333333333 0.16268382352941177
1 0.6010416666666667 0.5013786764705882 0.058333333333333334 0.17371323529411764
1 0.210921875 0.592545955882353 0.058671875000000005 0.18696691176470587
1 0.14640625000000002 0.5150183823529412 0.03586979166666667 0.16439338235294118
1 0.17435416666666667 0.46765625 0.03392708333333334 0.12464154411764707
1 0.19256770833333334 0.4831158088235294 0.040875 0.17028492647058824
1 0.2234375 0.567279411764706 0.05589583333333333 0.09029411764705882