1 0.49322916666666666 0.11660845588235294 0.08229166666666667 0.23322610294117646
1 0.7942708333333334 0.20174632352941177 0.07604166666666666 0.30422794117647056
1 0.7228541666666667 0.20404411764705882 0.06549479166666666 0.2757352941176471
1 0.2630208333333333 0.42176470588235293 0.08645833333333333 0.3563878676470588
1 0.9434895833333333 0.5301011029411765 0.05260416666666667 0.33318014705882354
1 0.5997395833333333 0.5357261029411765 0.08255208333333333 0.3655790441176471
1 0.19303645833333333 0.4836856617647059 0.091796875 0.33547794117647056
1 0.3333333333333333 0.5577941176470588 0.11979166666666667 0.23322610294117646
1 0.3079427083333333 0.48943014705882354 0.055989583333333336 0.1792279411764706
1 0.2760416666666667 0.6048988970588235 0.07291666666666667 0.17118566176470587
0 0.25428645833333335 0.64390625 0.018723958333333336 0.02486213235294118
1 0.4443125 0.11809742647058824 0.04188020833333333 0.2361856617647059