1 0.10598958333333333 0.5693933823529411 0.03697916666666667 0.17003676470588236
1 0.26458333333333334 0.5500919117647058 0.04791666666666667 0.171875
1 0.32369791666666664 0.5496323529411765 0.0328125 0.16544117647058823
1 0.21796875 0.5611213235294118 0.0328125 0.16268382352941177
1 0.41041666666666665 0.8382352941176471 0.03958333333333333 0.20404411764705882
1 0.17473958333333334 0.7757352941176471 0.025520833333333333 0.10110294117647059
1 0.013541666666666667 0.36213235294117646 0.027083333333333334 0.14522058823529413
2 0.10807291666666667 0.3635110294117647 0.0390625 0.13143382352941177
0 0.22604166666666667 0.4264705882352941 0.014583333333333334 0.014705882352941176
1 0.35104166666666664 0.39246323529411764 0.023958333333333335 0.14338235294117646
2 0.8300625 0.4346783088235294 0.031677083333333335 0.1681341911764706
1 0.04283333333333333 0.41795036764705884 0.02999479166666667 0.15159926470588236
1 0.005401041666666666 0.42853860294117646 0.010796875000000001 0.13635110294117647