1 0.086828125 0.5128676470588235 0.034078125 0.19301470588235295
1 0.28671875 0.7251838235294118 0.0578125 0.20036764705882354
1 0.19088541666666667 0.7440257352941176 0.034895833333333334 0.16084558823529413
2 0.32395833333333335 0.39981617647058826 0.04791666666666667 0.20772058823529413
1 0.4197916666666667 0.37224264705882354 0.04375 0.16176470588235295
2 0.9776041666666667 0.42030330882352945 0.041666666666666664 0.17778492647058824
1 0.3765625 0.8253676470588235 0.04583333333333333 0.22058823529411764
0 0.85234375 0.3837316176470588 0.013020833333333334 0.015625
2 0.39285937499999996 0.30593750000000003 0.028276041666666665 0.15493566176470588
1 0.4520104166666667 0.41754595588235294 0.026041666666666668 0.18119485294117646
1 0.10007291666666666 0.5147058823529411 0.024552083333333332 0.18382352941176472