1 0.05234375 0.3782169117647059 0.04114583333333333 0.18474264705882354
2 0.478125 0.46277573529411764 0.041666666666666664 0.234375
1 0.33541666666666664 0.18106617647058823 0.03229166666666667 0.14154411764705882
1 0.8296875 0.37683823529411764 0.052083333333333336 0.16911764705882354
1 0.63203125 0.3561580882352941 0.0328125 0.18106617647058823
1 0.7010416666666667 0.484375 0.05 0.20588235294117646
1 0.20390625 0.43956801470588236 0.03177083333333333 0.21001838235294118
1 0.7494791666666667 0.1870404411764706 0.03125 0.1332720588235294
1 0.10598958333333333 0.8828125 0.049479166666666664 0.23069852941176472
1 0.77265625 0.48391544117647056 0.06510416666666667 0.19944852941176472
1 0.023177083333333334 0.8763786764705882 0.04635416666666667 0.24540441176470587
1 0.7841822916666668 0.4153308823529412 0.041015625 0.21024816176470587