1 0.671875 0.9103860294117647 0.053125 0.17738970588235295
1 0.14505208333333333 0.7026654411764706 0.049479166666666664 0.22334558823529413
1 0.4114583333333333 0.7375919117647058 0.052083333333333336 0.23805147058823528
1 0.9138020833333333 0.8102665441176471 0.05260416666666667 0.24737132352941174
1 0.39088541666666665 0.9554227941176471 0.05260416666666667 0.08731617647058823
1 0.546875 0.36902573529411764 0.041666666666666664 0.16636029411764705
1 0.7536458333333333 0.3851746323529412 0.04479166666666667 0.2060110294117647
1 0.20989583333333334 0.5335477941176471 0.04479166666666667 0.21966911764705882
1 0.441296875 0.3979136029411765 0.037203125000000004 0.21126838235294118
1 0.3355677083333333 0.3289154411764706 0.048213541666666665 0.17252757352941178
0 0.4588541666666667 0.4181985294117647 0.011458333333333333 0.02389705882352941
1 0.4036458333333333 0.38734375 0.046875 0.18645220588235295
1 0.36011979166666663 0.34072610294117645 0.032739583333333336 0.14574448529411765