1 0.18697916666666667 0.48943014705882354 0.06145833333333333 0.2545955882352941
1 0.4973958333333333 0.8051470588235294 0.05416666666666667 0.30514705882352944
1 0.47994791666666664 0.5482536764705882 0.0609375 0.22518382352941177
1 0.3265625 0.5238970588235294 0.059375 0.21691176470588236
1 0.5606770833333333 0.5974264705882353 0.058854166666666666 0.21507352941176472
2 0.41744791666666664 0.08547794117647059 0.0421875 0.16911764705882354
1 0.0125 0.46737132352941174 0.025 0.21415441176470587
0 0.4817708333333333 0.5298713235294118 0.023958333333333335 0.02297794117647059
1 0.59921875 0.5840992647058824 0.05260416666666667 0.234375
1 0.5341145833333333 0.5197610294117647 0.06510416666666667 0.23805147058823528
1 0.30520833333333336 0.39016544117647056 0.05 0.22334558823529413
1 0.3416666666666667 0.3492647058823529 0.04583333333333333 0.1801470588235294
1 0.5513020833333333 0.5133272058823529 0.05677083333333333 0.2270220588235294
1 0.22734375 0.5693933823529411 0.0703125 0.22334558823529413
1 0.2869791666666667 0.6295955882352942 0.08958333333333333 0.2536764705882353