1 0.9255208333333333 0.22977941176470587 0.0625 0.18933823529411764
1 0.29791666666666666 0.29641544117647056 0.07916666666666666 0.22334558823529413
1 0.8692708333333333 0.34880514705882354 0.0375 0.2104779411764706
1 0.21666666666666667 0.48161764705882354 0.057291666666666664 0.24816176470588236
1 0.5565104166666667 0.37545955882352944 0.04739583333333333 0.21966911764705882
1 0.6106770833333334 0.38327205882352944 0.05260416666666667 0.2113970588235294
1 0.08541666666666667 0.2881433823529412 0.030208333333333334 0.21231617647058823
1 0.6708333333333333 0.4600183823529412 0.046875 0.2803308823529412
1 0.10520833333333333 0.3474264705882353 0.035416666666666666 0.21691176470588236
0 0.2359375 0.4563419117647059 0.017708333333333333 0.02849264705882353
1 0.9447916666666667 0.22931985294117646 0.040625 0.18841911764705882
1 0.5911458333333334 0.3235294117647059 0.03854166666666667 0.19852941176470587
2 0.6044270833333333 0.22104779411764705 0.06927083333333334 0.17555147058823528