1 0.13705208333333332 0.484375 0.022015625 0.16911764705882354
2 0.5346354166666667 0.40762867647058826 0.05260416666666667 0.18290441176470587
1 0.3836614583333333 0.506608455882353 0.04753645833333333 0.14557904411764705
2 0.38203125 0.30330882352941174 0.033854166666666664 0.14338235294117646
1 0.282234375 0.7051930147058824 0.03425520833333333 0.20818933823529412
0 0.5317708333333333 0.19025735294117646 0.016666666666666666 0.029411764705882353
2 0.09672395833333333 0.2816452205882353 0.026786458333333332 0.11948529411764706
1 0.3050572916666667 0.69984375 0.029760416666666668 0.1917003676470588
1 0.4246302083333333 0.5113786764705882 0.03558854166666667 0.1596047794117647
1 0.4092864583333334 0.5061948529411765 0.045385416666666664 0.14693014705882354
1 0.160875 0.47946691176470585 0.038421875 0.16374080882352943
1 0.140640625 0.3544485294117647 0.041328125 0.1458547794117647
1 0.17063541666666668 0.3587591911764706 0.02221875 0.13252757352941177