1 0.39375 0.9209558823529411 0.03854166666666667 0.15625
1 0.8815104166666666 0.7610753676470587 0.03177083333333333 0.20229779411764706
1 0.83046875 0.5982904411764707 0.028645833333333332 0.15797794117647057
1 0.96953125 0.5229779411764706 0.0390625 0.14338235294117646
1 0.28515625 0.9733455882352942 0.0328125 0.04963235294117647
1 0.30416666666666664 0.5119485294117647 0.022916666666666665 0.13602941176470587
1 0.9573177083333333 0.41901654411764705 0.028213541666666668 0.12295955882352941
1 0.3375 0.9733455882352942 0.051041666666666666 0.04963235294117647
2 0.33984375 0.3869485294117647 0.0390625 0.1488970588235294
1 0.8046875 0.7335110294117646 0.041666666666666664 0.20048713235294116
1 0.45 0.46737132352941174 0.030208333333333334 0.13328125
1 0.0546875 0.5742738970588235 0.03333333333333333 0.17059742647058826
0 0.3862552083333333 0.3001930147058824 0.010567708333333333 0.016516544117647056
1 0.027364583333333335 0.5947794117647058 0.02453125 0.1611856617647059