1 0.5669270833333333 0.7458639705882353 0.0390625 0.15716911764705882
1 0.18203125 0.49080882352941174 0.04739583333333333 0.11948529411764706
1 0.4739583333333333 0.7192095588235294 0.03229166666666667 0.17003676470588236
1 0.58359375 0.3203125 0.016145833333333335 0.08915441176470588
1 0.7971354166666667 0.3359375 0.019270833333333334 0.09466911764705882
1 0.4734375 0.42233455882352944 0.03854166666666667 0.10202205882352941
1 0.42291666666666666 0.4954044117647059 0.03125 0.11948529411764706
0 0.5205729166666667 0.2536764705882353 0.0109375 0.01838235294117647
2 0.5308697916666667 0.502591911764706 0.026807291666666667 0.16178308823529414
1 0.5161250000000001 0.40543198529411767 0.02675 0.16451286764705883
1 0.16443229166666665 0.48385110294117645 0.03724479166666667 0.10814338235294117
1 0.4487083333333333 0.4912959558823529 0.024255208333333333 0.14143382352941175
1 0.48965625 0.42752757352941173 0.031921875 0.08852022058823529
1 0.5302708333333334 0.3835110294117647 0.032776041666666665 0.1403308823529412