1 0.8627604166666667 0.42463235294117646 0.08697916666666666 0.2757352941176471
1 0.305015625 0.2878033088235294 0.057942708333333336 0.26125919117647056
1 0.4205729166666667 0.5294117647058824 0.058854166666666666 0.29411764705882354
1 0.9747395833333333 0.4264705882352941 0.049479166666666664 0.27389705882352944
1 0.74453125 0.7991727941176471 0.0703125 0.32077205882352944
1 0.9356770833333333 0.8092830882352942 0.07760416666666667 0.3134191176470588
1 0.672359375 0.4820772058823529 0.068828125 0.24908088235294118
1 0.5328125 0.46231617647058826 0.08333333333333333 0.2775735294117647
1 0.00859375 0.9113051470588235 0.0171875 0.17371323529411764
1 0.5408854166666667 0.9834558823529411 0.024479166666666666 0.03125
1 0.9877604166666667 0.19117647058823528 0.0234375 0.0900735294117647
1 0.7202760416666667 0.4197794117647059 0.07319270833333333 0.26125919117647056
1 0.465890625 0.5924632352941177 0.05475520833333333 0.3203860294117647
1 0.2968541666666667 0.4030238970588235 0.07825520833333334 0.2927022058823529
1 0.6589114583333333 0.47996323529411766 0.072125 0.23998161764705883
2 0.6106770833333334 0.05342830882352941 0.03515625 0.10454963235294118