1 0.2640625 0.28768382352941174 0.06458333333333334 0.1875
1 0.62421875 0.4241727941176471 0.050520833333333334 0.23988970588235295
1 0.9786458333333333 0.25965073529411764 0.041666666666666664 0.2104779411764706
1 0.7184895833333333 0.5009191176470589 0.06927083333333334 0.2647058823529412
1 0.6166666666666667 0.22334558823529413 0.034375 0.18198529411764705
1 0.4354166666666667 0.5409007352941176 0.06145833333333333 0.24724264705882354
1 0.2716145833333333 0.6557904411764706 0.06822916666666666 0.31893382352941174
2 0.3640625 0.37683823529411764 0.04895833333333333 0.2775735294117647
1 0.5783854166666667 0.2624080882352941 0.04114583333333333 0.20128676470588236
1 0.5856770833333333 0.45909926470588236 0.05260416666666667 0.26746323529411764
0 0.3807291666666667 0.31204044117647056 0.016666666666666666 0.030330882352941176
1 0.7065104166666667 0.39246323529411764 0.04010416666666667 0.23897058823529413
1 0.27421875 0.27159926470588236 0.05572916666666667 0.18474264705882354