1 0.9127604166666666 0.8648897058823529 0.1671875 0.26838235294117646
2 0.2635416666666667 0.6750919117647058 0.07395833333333333 0.3005514705882353
1 0.3489583333333333 0.5900735294117647 0.07291666666666667 0.34375
1 0.7513020833333334 0.6401654411764706 0.058854166666666666 0.3170955882352941
1 0.4953125 0.6084558823529411 0.08541666666666667 0.4007352941176471
1 0.26458333333333334 0.9784007352941176 0.034375 0.03952205882352941
1 0.013020833333333334 0.6461397058823529 0.026041666666666668 0.3474264705882353
1 0.5557291666666667 0.6144301470588235 0.10729166666666666 0.40349264705882354
1 0.6588541666666666 0.6318933823529411 0.12916666666666668 0.28768382352941174
1 0.7122395833333334 0.7513786764705882 0.06510416666666667 0.3391544117647059
1 0.6565104166666667 0.7619485294117647 0.1078125 0.28308823529411764