1 0.2674479166666667 0.39246323529411764 0.09427083333333333 0.28308823529411764
1 0.7796875 0.4834558823529412 0.09895833333333333 0.29044117647058826
1 0.5330729166666667 0.48621323529411764 0.08177083333333333 0.3125
1 0.32395833333333335 0.484375 0.0875 0.32169117647058826
1 0.022135416666666668 0.6029411764705882 0.044270833333333336 0.3161764705882353
1 0.4231770833333333 0.4384191176470588 0.0578125 0.30330882352941174
2 0.57421875 0.7366727941176471 0.12864583333333332 0.3704044117647059
0 0.7325520833333333 0.3602941176470588 0.021354166666666667 0.04963235294117647
1 0.2630208333333333 0.49862132352941174 0.06979166666666667 0.27849264705882354
1 0.31640625 0.5358455882352942 0.0921875 0.1636029411764706
1 0.4609375 0.44715073529411764 0.09479166666666666 0.2913602941176471
1 0.47604166666666664 0.4296875 0.071875 0.2766544117647059