1 0.24713541666666666 0.5064338235294118 0.06197916666666667 0.15992647058823528
1 0.7432291666666667 0.5170036764705882 0.03125 0.16268382352941177
1 0.8080729166666667 0.5050551470588235 0.0359375 0.14613970588235295
1 0.30755208333333334 0.6640625 0.050520833333333334 0.171875
1 0.47369791666666666 0.6603860294117647 0.034895833333333334 0.17003676470588236
2 0.8893229166666666 0.2697610294117647 0.04010416666666667 0.13143382352941177
1 0.9731770833333333 0.5500919117647058 0.04739583333333333 0.14613970588235295
1 0.09140625 0.44347426470588236 0.03802083333333333 0.15900735294117646
1 0.9533854166666667 0.4921875 0.030729166666666665 0.16268382352941177
1 0.3033854166666667 0.5496323529411765 0.05572916666666667 0.1801470588235294
1 0.12421875 0.45955882352941174 0.05364583333333333 0.15441176470588236
2 0.3828125 0.7261029411764706 0.046875 0.23897058823529413