1 0.43515625 0.48299632352941174 0.0734375 0.3170955882352941
1 0.6546875 0.48943014705882354 0.10104166666666667 0.27481617647058826
1 0.2513020833333333 0.5284926470588235 0.049479166666666664 0.3069852941176471
2 0.535046875 0.3732261029411765 0.06071354166666666 0.2897886029411765
1 0.057479166666666665 0.4977022058823529 0.08161979166666668 0.296875
2 0.88965625 0.38498161764705885 0.070984375 0.37920036764705883
0 0.5159947916666667 0.3269393382352941 0.014135416666666668 0.04464154411764706
1 0.720984375 0.5140533088235294 0.06398958333333334 0.3006801470588235
1 0.6748489583333334 0.3866819852941176 0.053572916666666665 0.2560386029411765
1 0.09003125000000001 0.48450367647058823 0.07886979166666667 0.26260110294117645
1 0.046875 0.41425551470588234 0.053572916666666665 0.2586672794117647