1 0.33098958333333334 0.43106617647058826 0.0609375 0.20404411764705882
1 0.6771041666666666 0.5196691176470588 0.0615 0.2213327205882353
1 0.81484375 0.5519301470588235 0.05364583333333333 0.24540441176470587
1 0.7947916666666667 0.8230698529411765 0.052083333333333336 0.25275735294117646
1 0.5885416666666666 0.6190257352941176 0.03958333333333333 0.23805147058823528
1 0.142296875 0.553373161764706 0.06019270833333333 0.21415441176470587
1 0.49947916666666664 0.5326286764705882 0.05625 0.2104779411764706
2 0.3927083333333333 0.49402573529411764 0.042708333333333334 0.2417279411764706
1 0.4348958333333333 0.43152573529411764 0.03229166666666667 0.20128676470588236
1 0.15996875 0.5252113970588235 0.04315625 0.23109375000000001
1 0.6183020833333334 0.77796875 0.056546874999999996 0.27967830882352945
1 0.6599687500000001 0.6190900735294118 0.056546874999999996 0.25340992647058824
1 0.4661458333333333 0.5107628676470588 0.055802083333333335 0.23897058823529413
0 0.39548958333333334 0.47484375 0.017708333333333333 0.02458639705882353