1 0.65703125 0.1957720588235294 0.0578125 0.24448529411764705
1 0.5354166666666667 0.8961397058823529 0.06354166666666666 0.20588235294117646
1 0.62109375 0.49080882352941174 0.0859375 0.28308823529411764
1 0.440625 0.7722886029411765 0.06145833333333333 0.3704044117647059
0 0.8171875 0.44393382352941174 0.019791666666666666 0.034926470588235295
1 0.8432291666666667 0.17509191176470587 0.04479166666666667 0.24356617647058823
1 0.8557291666666667 0.39016544117647056 0.05625 0.2270220588235294
1 0.9921875 0.04917279411764706 0.014583333333333334 0.09834558823529412
2 0.296875 0.024816176470588234 0.04895833333333333 0.04779411764705882
1 0.6399739583333334 0.46300551470588236 0.053385416666666664 0.2711397058823529
1 0.5169270833333334 0.7611488970588235 0.07421875 0.35271139705882354