1 0.57421875 0.8639705882352942 0.0640625 0.20955882352941177
1 0.33196875 0.5692371323529413 0.023567708333333333 0.1752389705882353
1 0.25833333333333336 0.5997242647058824 0.03125 0.16636029411764705
1 0.32838541666666665 0.8578860294117647 0.06171875 0.23046875
1 0.37578125 0.5730698529411765 0.0265625 0.17003676470588236
0 0.225 0.42325367647058826 0.013541666666666667 0.015625
1 0.03396875 0.51390625 0.029822916666666664 0.16419117647058823
1 0.02705208333333333 0.3946966911764706 0.025453125 0.13864889705882352
1 0.2989583333333333 0.3714889705882353 0.03333333333333333 0.13819852941176472
2 0.8421875 0.4338235294117647 0.029166666666666667 0.17463235294117646
1 0.31770312500000003 0.5857996323529412 0.03197916666666666 0.1680698529411765
1 0.009536458333333333 0.40234375 0.019072916666666665 0.14747242647058822