1 0.31692708333333336 0.6171875 0.06197916666666667 0.24540441176470587
1 0.7130208333333333 0.5248161764705882 0.1 0.3382352941176471
1 0.11692708333333333 0.4664522058823529 0.09739583333333333 0.22518382352941177
2 0.5229166666666667 0.9388786764705882 0.078125 0.12040441176470588
1 0.6768229166666667 0.8244485294117647 0.08177083333333333 0.3492647058823529
1 0.8981770833333333 0.5473345588235294 0.0828125 0.3740808823529412
1 0.04296875 0.4554227941176471 0.0859375 0.3740808823529412
1 0.47994791666666664 0.6286764705882353 0.1234375 0.3639705882352941
1 0.9875 0.34375 0.023958333333333335 0.3069852941176471
1 0.7557291666666667 0.29641544117647056 0.096875 0.3115808823529412
1 0.5390625 0.578125 0.13958333333333334 0.36213235294117646
1 0.44765625 0.5914522058823529 0.18385416666666668 0.28952205882352944
1 0.140625 0.6259191176470589 0.11145833333333334 0.36580882352941174
1 0.12708333333333333 0.6139705882352942 0.12291666666666666 0.3602941176470588
1 0.7502604166666667 0.8304227941176471 0.09010416666666667 0.3391544117647059