1 0.26484375 0.13970588235294118 0.09322916666666667 0.27941176470588236
1 0.8153645833333333 0.4342830882352941 0.11927083333333334 0.3336397058823529
1 0.7 0.47702205882352944 0.10208333333333333 0.3602941176470588
1 0.5528645833333333 0.5358455882352942 0.0609375 0.3290441176470588
1 0.37994791666666666 0.8658088235294118 0.08802083333333334 0.26838235294117646
1 0.34322916666666664 0.38097426470588236 0.08125 0.34650735294117646
0 0.0453125 0.5799632352941176 0.023958333333333335 0.0661764705882353
1 0.9203125 0.4646139705882353 0.07708333333333334 0.4108455882352941
1 0.23489583333333333 0.3717830882352941 0.115625 0.35202205882352944
1 0.9192708333333334 0.3556985294117647 0.10104166666666667 0.38235294117647056
1 0.5994791666666667 0.3382352941176471 0.09375 0.35110294117647056
1 0.32083333333333336 0.1332720588235294 0.10625 0.2665441176470588
1 0.4049479166666667 0.5303308823529411 0.1265625 0.3713235294117647
1 0.5223958333333333 0.5606617647058824 0.1 0.33455882352941174