1 0.21692708333333333 0.7362132352941176 0.0640625 0.17830882352941177
1 0.15052083333333333 0.3115808823529412 0.05 0.23529411764705882
1 0.83828125 0.3552389705882353 0.0484375 0.24540441176470587
2 0.5234375 0.11856617647058823 0.08645833333333333 0.20404411764705882
2 0.98828125 0.3083639705882353 0.021354166666666667 0.17555147058823528
1 0.391015625 0.7966452205882353 0.06848958333333334 0.32858455882352944
1 0.5606979166666667 0.3478860294117647 0.059932291666666665 0.23805147058823528
1 0.619015625 0.4356341911764706 0.05360416666666667 0.13782169117647058
0 0.5913697916666667 0.4741819852941176 0.016546875 0.02353860294117647
1 0.6382916666666667 0.44890625 0.12323958333333333 0.1263878676470588
1 0.5929739583333333 0.3386397058823529 0.06026041666666667 0.2318566176470588
1 0.5930989583333334 0.33536764705882355 0.05902604166666667 0.2235845588235294