2 0.5356770833333333 0.5326286764705882 0.0265625 0.1056985294117647
1 0.378125 0.7081801470588235 0.020833333333333332 0.109375
1 0.64375 0.37362132352941174 0.01875 0.057904411764705885
1 0.8538020833333333 0.48062499999999997 0.013234375 0.07740808823529412
1 0.33880208333333334 0.45128676470588236 0.018229166666666668 0.08088235294117647
1 0.7059895833333333 0.6580882352941176 0.018229166666666668 0.11397058823529412
1 0.06796875 0.6401654411764706 0.0171875 0.1056985294117647
1 0.77421875 0.37545955882352944 0.013020833333333334 0.057904411764705885
1 0.6244791666666667 0.4802389705882353 0.014583333333333334 0.0818014705882353
1 0.3846354166666667 0.46139705882352944 0.016145833333333335 0.07536764705882353
2 0.15651041666666668 0.5027573529411765 0.021354166666666667 0.07720588235294118
1 0.370609375 0.4531893382352941 0.015328125 0.06839154411764706
1 0.336484375 0.4526838235294117 0.011859375 0.07553308823529413
1 0.8422031249999999 0.47611213235294114 0.012802083333333332 0.07800551470588235