1 0.042708333333333334 0.45496323529411764 0.041666666666666664 0.13786764705882354
1 0.7223958333333333 0.5151654411764706 0.03958333333333333 0.14246323529411764
1 0.77890625 0.49724264705882354 0.0359375 0.125
1 0.58775 0.3646047794117647 0.03261458333333333 0.10052389705882353
1 0.3729166666666667 0.38419117647058826 0.029166666666666667 0.10661764705882353
2 0.45 0.46691176470588236 0.029166666666666667 0.13970588235294118
1 0.12265625 0.3382352941176471 0.028645833333333332 0.0900735294117647
1 0.5133125 0.3521599264705882 0.024546875000000003 0.10688419117647059
1 0.5411145833333334 0.334420955882353 0.022546875 0.11024816176470588
1 0.5642395833333332 0.33513786764705883 0.029583333333333333 0.10946691176470588
0 0.49922916666666667 0.2555606617647059 0.0069166666666666664 0.016838235294117647