1 0.20130208333333333 0.24448529411764705 0.049479166666666664 0.17095588235294118
1 0.50546875 0.2619485294117647 0.0421875 0.17095588235294118
1 0.55234375 0.6567095588235294 0.0609375 0.24540441176470587
1 0.8434895833333333 0.390625 0.0546875 0.17647058823529413
1 0.9578125 0.5381433823529411 0.071875 0.21231617647058823
1 0.9846354166666667 0.22426470588235295 0.0296875 0.15441176470588236
1 0.5942708333333333 0.3244485294117647 0.036458333333333336 0.18198529411764705
1 0.29192708333333334 0.4646139705882353 0.06510416666666667 0.22150735294117646
1 0.21321874999999998 0.47507352941176473 0.025390625 0.21714154411764705
1 0.3203125 0.48828125 0.0546875 0.20220588235294118
1 0.24577083333333333 0.44979779411764703 0.057942708333333336 0.23322610294117646
0 0.253375 0.43966911764705885 0.015500000000000002 0.03397977941176471