1 0.07734375 0.4944852941176471 0.0453125 0.17095588235294118
1 0.4309895833333333 0.4352022058823529 0.0515625 0.15165441176470587
1 0.27447916666666666 0.3083639705882353 0.04895833333333333 0.12775735294117646
2 0.7231770833333333 0.39705882352941174 0.03177083333333333 0.16727941176470587
1 0.31796875 0.3245496323529412 0.0390625 0.1450091911764706
1 0.1859375 0.5151654411764706 0.05416666666666667 0.17371323529411764
2 0.29375 0.12637867647058823 0.027083333333333334 0.12040441176470588
1 0.2078125 0.24201286764705882 0.03125 0.12810661764705883
1 0.23151041666666666 0.16084558823529413 0.025520833333333333 0.09926470588235294
1 0.4844791666666667 0.30875 0.02364583333333333 0.1361764705882353
1 0.21242708333333335 0.515358455882353 0.046875 0.15625
1 0.195015625 0.1813970588235294 0.024151041666666664 0.11027573529411765
1 0.4682135416666667 0.3097794117647059 0.019921875 0.12306066176470587
2 0.315765625 0.3105790441176471 0.027770833333333335 0.1523621323529412
0 0.7347239583333334 0.38107536764705885 0.008526041666666668 0.018125