1 0.3411458333333333 0.4342830882352941 0.06875 0.20863970588235295
1 0.9473958333333333 0.6305147058823529 0.06145833333333333 0.2555147058823529
1 0.79921875 0.47150735294117646 0.0515625 0.22058823529411764
1 0.06796875 0.3837316176470588 0.050520833333333334 0.171875
1 0.15234375 0.7504595588235294 0.04739583333333333 0.15165441176470587
1 0.2921875 0.6695772058823529 0.08333333333333333 0.2766544117647059
1 0.36010416666666667 0.13465073529411764 0.037078124999999997 0.17371323529411764
1 0.015885416666666666 0.44577205882352944 0.03177083333333333 0.20220588235294118
1 0.63125 0.47518382352941174 0.04375 0.22058823529411764
1 0.050567708333333336 0.6575367647058823 0.10113541666666667 0.2639705882352941
1 0.26510416666666664 0.04457720588235294 0.034375 0.08915441176470588
1 0.29584375 0.44711397058823527 0.05008854166666667 0.17322610294117646
1 0.5935677083333334 0.5978033088235294 0.07603125 0.2785294117647059
1 0.3256822916666666 0.13361213235294117 0.047197916666666666 0.1773529411764706
1 0.3030625 0.044935661764705884 0.029734375 0.08987132352941177
1 0.09275000000000001 0.5234099264705883 0.052921875 0.20113051470588236
1 0.03211979166666667 0.6324724264705882 0.064234375 0.25327205882352943
1 0.03855729166666667 0.5406158088235294 0.07471354166666666 0.22134191176470588