1 0.7557291666666667 0.7904411764705882 0.04895833333333333 0.13970588235294118
1 0.5869791666666667 0.5147058823529411 0.036458333333333336 0.09558823529411764
1 0.52578125 0.6360294117647058 0.028645833333333332 0.11029411764705882
1 0.4276041666666667 0.40670955882352944 0.01875 0.07996323529411764
1 0.80234375 0.3897058823529412 0.016145833333333335 0.07904411764705882
1 0.6893229166666667 0.36994485294117646 0.0171875 0.06709558823529412
1 0.7520833333333333 0.4540441176470588 0.020833333333333332 0.08455882352941177
1 0.65 0.484375 0.023958333333333335 0.10477941176470588
1 0.215625 0.6089154411764706 0.021875 0.1130514705882353
1 0.55546875 0.4397977941176471 0.0171875 0.09283088235294118
1 0.6677083333333333 0.7596507352941176 0.025 0.13878676470588236
1 0.5109375 0.40027573529411764 0.029166666666666667 0.0818014705882353
2 0.36380208333333336 0.4030330882352941 0.019270833333333334 0.10202205882352941
1 0.00390625 0.3993566176470588 0.0078125 0.05238970588235294
1 0.41484375 0.06295955882352941 0.03802083333333333 0.09834558823529412
0 0.5965468749999999 0.28815257352941176 0.009729166666666667 0.014439338235294119
2 0.4471614583333333 0.268125 0.019765625000000002 0.062123161764705885
1 0.5767083333333333 0.5042279411764706 0.020072916666666666 0.0989154411764706
1 0.6609375 0.4493198529411765 0.022697916666666665 0.0910110294117647
1 0.6690416666666666 0.4361029411764706 0.02069270833333333 0.09999999999999999