2 0.5895833333333333 0.125 0.10104166666666667 0.25
1 0.9338177083333333 0.4139981617647059 0.06569791666666666 0.36292279411764705
1 0.44973958333333336 0.41268382352941174 0.0828125 0.3272058823529412
1 0.047171874999999995 0.514310661764706 0.09434374999999999 0.34637867647058823
1 0.68828125 0.24770220588235295 0.08697916666666666 0.3079044117647059
1 0.5252604166666667 0.5863970588235294 0.1015625 0.3290441176470588
1 0.3307291666666667 0.37749080882352937 0.09479166666666666 0.35425551470588235
1 0.7799479166666666 0.4696691176470588 0.08385416666666666 0.3382352941176471
0 0.7195677083333333 0.3040992647058824 0.02753125 0.0407077205882353
1 0.004427083333333333 0.8607536764705882 0.008854166666666666 0.06158088235294118
1 0.604578125 0.47537683823529414 0.09352604166666666 0.38878676470588236
1 0.03534375 0.41556985294117643 0.07068229166666667 0.35057904411764707
1 0.943078125 0.5337408088235295 0.10044791666666668 0.30593750000000003
1 0.9836302083333333 0.47859375000000004 0.032739583333333336 0.3269393382352941
1 0.6953125 0.49369485294117643 0.158484375 0.29936580882352937
1 0.6391354166666667 0.17659926470588233 0.09375 0.2954319852941176