1 0.7815104166666667 0.8083639705882353 0.06302083333333333 0.18106617647058823
1 0.8635416666666667 0.8768382352941176 0.08020833333333334 0.19669117647058823
1 0.0375 0.3249080882352941 0.042708333333333334 0.09466911764705882
1 0.97421875 0.9053308823529411 0.050520833333333334 0.1801470588235294
1 0.8299479166666667 0.6162683823529411 0.03177083333333333 0.16819852941176472
1 0.04505208333333333 0.8088235294117647 0.04010416666666667 0.19117647058823528
1 0.7481770833333333 0.6277573529411765 0.04010416666666667 0.15073529411764705
1 0.45241666666666663 0.37828125 0.044270833333333336 0.11659926470588235
1 0.07578125 0.9443933823529411 0.04010416666666667 0.109375
2 0.9208333333333333 0.36994485294117646 0.03333333333333333 0.13511029411764705
1 0.37395833333333334 0.9751838235294118 0.026041666666666668 0.04595588235294118
1 0.004427083333333333 0.8869485294117647 0.008854166666666666 0.042279411764705885
1 0.005989583333333334 0.6654411764705882 0.011979166666666667 0.04779411764705882
0 0.4354427083333333 0.3842095588235294 0.009182291666666667 0.01806985294117647