1 0.69453125 0.45955882352941174 0.0734375 0.20036764705882354
1 0.27421875 0.46277573529411764 0.06822916666666666 0.24908088235294118
1 0.5596354166666667 0.46047794117647056 0.05677083333333333 0.23713235294117646
1 0.39427083333333335 0.6352297794117647 0.06458333333333334 0.32375919117647056
1 0.0828125 0.1484375 0.035416666666666666 0.203125
1 0.6864583333333333 0.7996323529411765 0.075 0.32169117647058826
1 0.5036458333333333 0.3079044117647059 0.05 0.24816176470588236
1 0.44134375 0.4181985294117647 0.047265625 0.25183823529411764
0 0.5830104166666668 0.45921875 0.018098958333333335 0.026424632352941176
1 0.35390625 0.3023897058823529 0.0765625 0.2261029411764706
1 0.40332291666666664 0.3791360294117647 0.08658854166666667 0.23897058823529413