1 0.5519479166666666 0.5381433823529411 0.12215104166666667 0.20496323529411764
2 0.47272916666666664 0.2413970588235294 0.12150520833333332 0.42030330882352945
1 0.19427083333333334 0.4279779411764706 0.07916666666666666 0.40060661764705885
1 0.7044374999999999 0.5266544117647058 0.14633854166666668 0.2536764705882353
1 0.8353177083333333 0.4417371323529412 0.105015625 0.3983639705882353
1 0.4614322916666667 0.3761213235294118 0.07057812499999999 0.3110753676470588
1 0.9645833333333333 0.43268382352941176 0.06875 0.41264705882352937
1 0.28355729166666666 0.45358455882352944 0.140328125 0.22334558823529413
0 0.26019791666666664 0.5489705882352941 0.028151041666666664 0.03566176470588235
1 0.43558854166666666 0.5234926470588235 0.11909375 0.4228676470588235
1 0.4244010416666667 0.4578952205882353 0.12269791666666667 0.4521691176470588
1 0.32515625 0.48974264705882353 0.12919791666666666 0.14392463235294117