2 0.8346354166666666 0.28079044117647056 0.059895833333333336 0.18290441176470587
1 0.061197916666666664 0.4963235294117647 0.07239583333333334 0.18382352941176472
2 0.31276041666666665 0.6351102941176471 0.09427083333333333 0.23529411764705882
1 0.56796875 0.5220588235294118 0.050520833333333334 0.21323529411764705
1 0.8348958333333333 0.5018382352941176 0.03125 0.1948529411764706
1 0.6404010416666667 0.49356617647058826 0.030802083333333334 0.1875
1 0.06796875 0.7784926470588235 0.0765625 0.2113970588235294
1 0.9885416666666667 0.7345220588235294 0.022916666666666665 0.20616727941176471
0 0.6609635416666666 0.5252665441176471 0.017812500000000002 0.0234375
1 0.6768593749999999 0.48361213235294115 0.04386979166666667 0.20491727941176469
1 0.6750520833333333 0.5407628676470588 0.036125 0.19899816176470586