1 0.2760416666666667 0.34685661764705883 0.058333333333333334 0.28010110294117646
1 0.8684895833333334 0.4646139705882353 0.06822916666666666 0.2601102941176471
1 0.12421875 0.5505514705882353 0.0640625 0.2867647058823529
1 0.021614583333333333 0.45715073529411765 0.043229166666666666 0.2727481617647059
1 0.7354166666666667 0.41911764705882354 0.06041666666666667 0.3014705882352941
1 0.23723958333333334 0.49954044117647056 0.06197916666666667 0.25827205882352944
1 0.9322916666666666 0.5680147058823529 0.051041666666666666 0.31066176470588236
2 0.18880208333333334 0.45266544117647056 0.06197916666666667 0.31893382352941174
1 0.51171875 0.4742647058823529 0.0640625 0.29044117647058826
1 0.03521875 0.5743382352941176 0.07044270833333334 0.24977022058823528
1 0.5302760416666666 0.3630514705882353 0.043619791666666664 0.25735294117647056
1 0.228515625 0.38316176470588237 0.055989583333333336 0.26769301470588236