1 0.9171875 0.9122242647058824 0.053125 0.17371323529411764
1 0.075 0.7265625 0.05 0.2104779411764706
1 0.31223958333333335 0.7444852941176471 0.043229166666666666 0.16544117647058823
1 0.21692708333333333 0.7444852941176471 0.04739583333333333 0.15992647058823528
1 0.41041666666666665 0.5445772058823529 0.04479166666666667 0.20496323529411764
1 0.5234375 0.5252757352941176 0.036458333333333336 0.19025735294117646
1 0.6879062499999999 0.5641452205882352 0.07482291666666667 0.15440257352941178
1 0.13776041666666666 0.5215992647058824 0.04010416666666667 0.18658088235294118
1 0.26979166666666665 0.6038602941176471 0.052083333333333336 0.19301470588235295
1 0.598078125 0.5687867647058824 0.07573958333333333 0.17936580882352943
2 0.930859375 0.5340073529411765 0.030989583333333334 0.22426470588235295
2 0.28098958333333335 0.47380514705882354 0.050520833333333334 0.16636029411764705
1 0.10416666666666667 0.5486029411764706 0.0390625 0.20105698529411764
0 0.6468333333333334 0.5772794117647059 0.010229166666666668 0.03168198529411764
1 0.6308645833333333 0.5783823529411765 0.042166666666666665 0.18640625
1 0.6153125 0.5481709558823529 0.04070833333333333 0.18714154411764708
1 0.6598802083333334 0.5710110294117647 0.027973958333333333 0.16651654411764705