2 0.039322916666666666 0.3515625 0.025520833333333333 0.078125
2 0.97109375 0.45818014705882354 0.025520833333333333 0.12040441176470588
1 0.6802083333333333 0.3828125 0.019791666666666666 0.09283088235294118
1 0.21171875 0.34512867647058826 0.0140625 0.08547794117647059
1 0.25442708333333336 0.3602941176470588 0.0140625 0.08455882352941177
1 0.07838541666666667 0.32858455882352944 0.018229166666666668 0.07628676470588236
1 0.8665104166666667 0.4258731617647059 0.024270833333333335 0.09772058823529411
1 0.5611822916666667 0.4017555147058824 0.018473958333333332 0.0921139705882353
1 0.4830729166666667 0.38097426470588236 0.024479166666666666 0.09834558823529412
1 0.8315104166666667 0.43474264705882354 0.0390625 0.10477941176470588
1 0.33666666666666667 0.3646231617647059 0.016911458333333334 0.09599264705882353
1 0.48134374999999996 0.4358088235294118 0.02011458333333333 0.0939797794117647
1 0.5723125 0.42370404411764706 0.01873958333333333 0.09478860294117647
1 0.8601145833333333 0.4217371323529412 0.011921875 0.0946875