1 0.6940104166666666 0.5459558823529411 0.07447916666666667 0.27205882352941174
1 0.7723958333333333 0.46231617647058826 0.078125 0.25
1 0.5932291666666667 0.5983455882352942 0.06458333333333334 0.2610294117647059
1 0.14348958333333334 0.48299632352941174 0.0984375 0.23805147058823528
1 0.49583333333333335 0.42371323529411764 0.052083333333333336 0.26286764705882354
1 0.21328125 0.32674632352941174 0.051041666666666666 0.19209558823529413
2 0.9783854166666667 0.15027573529411764 0.0421875 0.24540441176470587
1 0.3026041666666667 0.4030330882352941 0.058333333333333334 0.2711397058823529
0 0.7494791666666667 0.43014705882352944 0.017708333333333333 0.02022058823529412
1 0.5770833333333333 0.38821691176470585 0.047135416666666666 0.23276654411764705
1 0.17155208333333333 0.34869485294117647 0.042317708333333336 0.2585018382352941
1 0.2623697916666667 0.4124540441176471 0.078125 0.2665441176470588
1 0.551109375 0.36822610294117647 0.059244791666666664 0.24931066176470587
1 0.61946875 0.42681985294117647 0.052734375 0.29296875
1 0.22754166666666667 0.4836856617647059 0.103515625 0.25045955882352944