1 0.62421875 0.7840073529411765 0.0171875 0.07904411764705882
1 0.7929010416666666 0.5885845588235294 0.011848958333333333 0.05032169117647059
2 0.8724739583333334 0.5076194852941176 0.010572916666666666 0.03361213235294118
1 0.5973958333333333 0.5203125000000001 0.008723958333333334 0.03422794117647059
1 0.88671875 0.7605698529411765 0.0140625 0.078125
1 0.5774947916666666 0.48097426470588234 0.0043906249999999996 0.023354779411764705
1 0.1109375 0.9829963235294118 0.021875 0.03216911764705882
1 0.49065624999999996 0.4864797794117647 0.006869791666666666 0.025735294117647058
1 0.21015625 0.9733455882352942 0.0515625 0.04963235294117647
1 0.8039479166666667 0.50359375 0.007901041666666667 0.029292279411764707
1 0.47253125 0.48338235294117643 0.004520833333333333 0.029264705882352943
1 0.42562500000000003 0.4657352941176471 0.0069010416666666664 0.023419117647058823
1 0.7880208333333333 0.5013786764705882 0.011458333333333333 0.03400735294117647
1 0.80959375 0.4924356617647059 0.007125 0.026461397058823527
2 0.9245833333333333 0.5352665441176471 0.009354166666666667 0.04296875
1 0.8789270833333334 0.5086764705882354 0.007421875 0.03170036764705882
1 0.5723697916666667 0.48142463235294114 0.005328125 0.02456801470588235
2 0.5705520833333334 0.4633731617647059 0.00484375 0.026488970588235294
1 0.46789583333333334 0.4840900735294118 0.005567708333333333 0.029908088235294117
1 0.462625 0.46037683823529413 0.005932291666666667 0.023069852941176472
1 0.45554687499999996 0.4615533088235294 0.0058125 0.022003676470588235
1 0.45403125 0.47106617647058824 0.0037552083333333335 0.022215073529411766
2 0.4311510416666666 0.4725551470588235 0.006416666666666667 0.02563419117647059
2 0.4095625 0.4618566176470588 0.003901041666666667 0.02196691176470588