1 0.6690104166666667 0.5905330882352942 0.05677083333333333 0.17003676470588236
1 0.8705729166666667 0.5882352941176471 0.04114583333333333 0.1875
1 0.9479166666666666 0.6925551470588235 0.053125 0.203125
1 0.2859375 0.09512867647058823 0.029166666666666667 0.09834558823529412
1 0.2546875 0.4430147058823529 0.035416666666666666 0.13786764705882354
1 0.5872395833333334 0.6667279411764706 0.03177083333333333 0.2011029411764706
1 0.23880208333333333 0.09191176470588236 0.022395833333333334 0.0974264705882353
1 0.7225677083333333 0.5450367647058824 0.07882291666666667 0.16544117647058823
1 0.0421875 0.23115808823529413 0.025 0.12408088235294118
1 0.44505208333333335 0.44577205882352944 0.034895833333333334 0.16176470588235295
1 0.4861979166666667 0.32684742647058823 0.0234375 0.1316268382352941
1 0.259375 0.171875 0.034375 0.11580882352941177
1 0.3140625 0.1801470588235294 0.025 0.11397058823529412
1 0.7111979166666667 0.171875 0.021354166666666667 0.11029411764705882
1 0.9877239583333334 0.6105606617647058 0.024552083333333332 0.18119485294117646
1 0.72753125 0.1808639705882353 0.01871875 0.10494485294117648
1 0.6093437500000001 0.1723345588235294 0.026869791666666667 0.10814338235294117
1 0.6952291666666667 0.5468474264705883 0.038640625 0.16248161764705882
0 0.6884374999999999 0.5377941176470589 0.011770833333333335 0.021838235294117648
1 0.6364583333333333 0.16819852941176472 0.034380208333333336 0.11764705882352941