1 0.8565104166666667 0.42922794117647056 0.050520833333333334 0.19117647058823528
1 0.7255208333333333 0.53125 0.051041666666666666 0.21323529411764705
1 0.09114583333333333 0.6999080882352942 0.065625 0.2601102941176471
1 0.5395833333333333 0.5431985294117647 0.06458333333333334 0.20036764705882354
1 0.41015625 0.6470588235294118 0.08177083333333333 0.2555147058823529
2 0.49557291666666664 0.66734375 0.05364583333333333 0.30343749999999997
1 0.3888020833333333 0.4108455882352941 0.0359375 0.19117647058823528
1 0.6076614583333334 0.5172702205882352 0.06011979166666667 0.3165716911764706
1 0.3130572916666667 0.5881709558823529 0.08161979166666668 0.20784926470588233
1 0.6130937500000001 0.4956709558823529 0.06994270833333333 0.2455330882352941
1 0.30543229166666663 0.5540992647058823 0.04241145833333334 0.18119485294117646
1 0.34784375 0.6591360294117647 0.091515625 0.22846507352941176
0 0.5999791666666667 0.3614246323529412 0.017203125 0.02296875