1 0.8565104166666667 0.8566176470588235 0.0640625 0.2849264705882353
1 0.3229166666666667 0.27746323529411765 0.052083333333333336 0.20381433823529413
1 0.07317708333333334 0.27481617647058826 0.058854166666666666 0.18382352941176472
1 0.42864583333333334 0.4719669117647059 0.08333333333333333 0.19944852941176472
2 0.45338541666666665 0.2981433823529412 0.04583333333333333 0.22863051470588236
1 0.5630208333333333 0.5004595588235294 0.06354166666666666 0.25643382352941174
0 0.5244791666666667 0.3180147058823529 0.017708333333333333 0.03125
1 0.5201822916666666 0.5382628676470588 0.048177083333333336 0.26309742647058826
1 0.4921875 0.5572150735294118 0.08984375 0.25505514705882354
1 0.5423177083333334 0.49460477941176473 0.045572916666666664 0.24241727941176472
1 0.5709635416666666 0.4756433823529412 0.026041666666666668 0.22288602941176472