1 0.6721354166666667 0.4103860294117647 0.0765625 0.21966911764705882
1 0.6078125 0.12775735294117646 0.059375 0.18933823529411764
1 0.16953125 0.31204044117647056 0.0671875 0.22334558823529413
0 0.28229166666666666 0.2532169117647059 0.022916666666666665 0.02665441176470588
1 0.7755208333333333 0.40487132352941174 0.08020833333333334 0.23253676470588236
1 0.44453125 0.5606617647058824 0.06510416666666667 0.2536764705882353
1 0.16041666666666668 0.5445772058823529 0.04479166666666667 0.23621323529411764
1 0.6575520833333334 0.14751838235294118 0.03177083333333333 0.18474264705882354
1 0.5307291666666667 0.49816176470588236 0.04791666666666667 0.2536764705882353
2 0.020052083333333335 0.30514705882352944 0.04010416666666667 0.33455882352941174
1 0.21432291666666667 0.3322610294117647 0.08072916666666667 0.17371323529411764
1 0.12239583333333333 0.5372242647058824 0.053125 0.20680147058823528
1 0.50546875 0.5381433823529411 0.0765625 0.2693014705882353
1 0.5028645833333333 0.47840073529411764 0.04114583333333333 0.2821691176470588
1 0.7427083333333333 0.3304227941176471 0.046875 0.18290441176470587
1 0.7106770833333333 0.3239889705882353 0.07864583333333333 0.19944852941176472